1 2
8 0
9 4
11 5
13 4
15 2
20 5
22 0
23 3
25 4
30 2
32 0
33 4
35 2
40 4
44 4
48 0
49 0
50 5
55 5
60 4
61 0
62 4
64 3
67 5
68 0
72 0
77 0
79 4
85 0
86 4
94 2
95 0
98 5
100 0
101 0
103 4
106 5
109 5
119 0
121 0
123 5
127 2
130 0
133 5
134 2
135 0
136 0
142 5
143 5
146 5
147 0
149 5
152 0
153 0
157 4
159 5
160 2
161 0
163 2
165 2
166 4
171 0
172 5
173 5
176 5
178 5
179 0
180 2
181 4
191 4
193 5
195 4
198 0
199 5
200 4
204 2
207 4
208 3
209 3
210 4
211 4
216 0
217 5
219 3
220 5
221 2
224 2
225 4
226 2
232 5
234 0
238 5
240 4
243 5
244 2
245 5
246 0
250 2
251 4
254 2
258 5
261 5
270 5
271 4
275 5
278 4
279 4
281 5
289 0
290 2
293 3
294 5
297 0
298 1
299 4
302 5
305 5
308 3
309 5
310 2
311 3
312 4
313 3
316 3
318 4
322 3
324 5
326 4
331 0
333 5
336 5
337 2
338 5
340 5
342 4
344 0
345 4
347 4
348 5
354 0
357 0
359 4
360 5
361 2
362 5
363 0
368 3
370 3
371 5
372 2
374 0
378 2
380 4
381 4
384 4
385 5
389 2
391 0
393 0
396 3
398 4
400 5
401 0
404 2
405 0
406 5
407 5
408 0
409 2
410 5
411 5
412 0
416 5
421 4
423 3
424 3
425 0
427 4
429 4
431 0
434 4
435 5
443 3
445 3
453 0
454 4
455 5
459 2
463 4
464 4
475 3
477 5
480 0
482 5
483 4
485 4
487 5
490 5
492 4
493 5
494 4
501 5
503 2
505 0
512 0
519 4
523 3
524 2
526 0
527 0
528 3
530 2
531 5
534 5
538 2
541 4
542 2
543 0
546 0
548 4
549 3
552 4
553 4
554 2
556 1
558 6
562 0
568 0
571 4
573 5
574 4
579 2
581 0
583 5
584 1
590 2
591 5
593 4
595 0
598 5
601 4
603 4
607 4
608 5
609 4
613 0
614 0
615 0
618 4
620 4
621 2
622 0
623 1
625 0
632 5
633 5
636 0
643 3
645 2
648 0
649 2
650 4
653 4
655 4
656 4
658 2
660 1
661 5
666 1
667 5
669 0
671 4
672 5
673 5
674 4
677 2
678 5
681 5
682 4
683 5
685 1
687 4
690 5
697 4
698 4
699 4
701 0
703 5
704 0
705 3
710 0
711 0
715 4
717 0
718 5
720 5
722 3
726 0
727 5
728 2
729 2
731 3
740 5
742 0
744 4
745 0
748 0
749 2
754 4
756 2
760 2
761 4
768 5
772 0
773 4
776 0
777 0
778 4
783 4
784 0
789 0
790 0
791 0
793 4
794 4
797 3
803 5
809 0
810 4
811 5
813 0
818 0
819 2
820 5
821 4
824 4
825 5
826 2
828 5
830 0
832 4
837 2
839 0
840 0
842 4
846 2
848 5
851 4
853 3
854 5
856 0
858 5
859 4
864 0
866 4
869 2
871 4
872 4
878 2
879 0
882 5
884 2
886 5
887 0
891 2
892 2
894 2
898 2
901 4
902 0
906 1
907 0
908 5
910 0
912 4
914 5
915 0
918 2
919 4
921 0
923 4
925 4
929 5
931 0
935 4
947 0
949 5
951 5
952 2
953 3
956 5
960 5
961 5
970 5
973 2
975 0
976 0
977 4
979 3
980 5
984 0
985 1
986 5
988 4
993 6
996 4
1003 2
1004 0
1009 4
1011 0
1012 4
1014 5
1015 5
1018 3
1019 5
1020 5
1021 2
1024 5
1030 0
1033 0
1034 2
1035 0
1038 0
1039 5
1041 2
1042 0
1044 0
1045 5
1047 4
1048 3
1053 5
1058 2
1060 5
1063 2
1067 5
1069 3
1071 4
1072 5
1073 5
1076 0
1084 5
1086 2
1087 4
1088 2
1102 0
1105 5
1106 2
1111 5
1114 0
1115 2
1116 4
1117 2
1118 0
1121 4
1122 0
1125 5
1128 0
1130 5
1131 0
1133 0
1134 4
1135 5
1136 2
1139 4
1144 0
1149 5
1152 2
1154 5
1156 2
1160 2
1161 0
1163 0
1165 5
1166 2
1167 4
1170 2
1173 0
1175 0
1176 4
1179 0
1181 2
1182 0
1183 2
1184 0
1188 2
1195 0
1199 4
1200 0
1201 0
1207 3
1208 0
1210 3
1216 2
1217 0
1218 0
1219 0
1222 5
1225 2
1227 0
1228 4
1229 4
1233 4
1234 0
1235 5
1236 4
1239 2
1242 4
1246 2
1258 4
1261 0
1262 1
1263 0
1264 4
1265 1
1266 3
1267 2
1270 1
1271 4
1273 5
1286 2
1293 0
1307 3
1309 0
1312 2
1313 2
1322 4
1323 0
1324 0
1325 5
1328 5
1331 0
1332 2
1333 0
1334 5
1335 3
1337 2
1341 5
1346 0
1347 5
1350 2
1352 5
1353 2
1354 5
1356 2
1359 2
1362 3
1368 5
1370 0
1372 4
1373 0
1374 4
1379 4
1380 4
1384 2
1391 2
1392 5
1393 0
1394 0
1395 0
1396 3
1401 3
1402 4
1406 0
1407 2
1408 0
1413 2
1418 4
1419 0
1421 5
1425 0
1426 4
1427 2
1431 4
1433 1
1434 3
1435 5
1436 4
1440 2
1441 4
1443 2
1444 4
1446 5
1449 2
1450 5
1453 2
1456 0
1457 2
1460 4
1461 2
1464 4
1466 2
1471 6
1472 2
1475 4
1477 4
1478 5
1480 3
1483 5
1487 0
1490 0
1496 4
1497 0
1499 2
1504 5
1505 2
1506 2
1508 4
1513 0
1516 2
1518 0
1527 0
1528 3
1533 4
1535 0
1537 3
1539 0
1541 0
1543 2
1547 5
1550 6
1553 0
1554 3
1557 5
1558 2
1560 5
1562 4
1564 5
1565 2
1570 2
1572 5
1574 4
1579 4
1580 5
1581 4
1582 3
1584 0
1588 0
1589 3
1590 5
1592 0
1594 4
1601 0
1603 3
1604 4
1607 4
1616 0
1618 5
1623 3
1625 5
1626 0
1627 5
1629 4
1631 2
1635 1
1636 4
1637 2
1641 3
1644 4
1650 2
1654 5
1657 4
1662 0
1665 5
1666 0
1673 5
1679 5
1683 0
1685 5
1687 4
1691 0
1692 0
1693 5
1700 4
1701 5
1704 0
1706 0
1707 5
1716 5
1722 4
1723 5
1728 0
1729 3
1733 5
1737 0
1738 5
1739 0
1740 2
1744 5
1745 1
1746 0
1747 5
1753 5
1754 5
1756 2
1757 0
1763 2
1768 0
1769 4
1770 2
1773 5
1775 0
1778 0
1779 0
1781 2
1782 0
1784 3
1787 3
1788 5
1791 4
1792 5
1794 4
1795 3
1796 0
1803 2
1805 2
1807 0
1808 0
1812 4
1818 4
1821 5
1822 5
1823 2
1836 2
1837 2
1849 0
1851 3
1854 2
1858 3
1861 2
1865 3
1869 5
1872 4
1873 5
1876 4
1882 2
1885 3
1887 3
1890 2
1893 2
1896 4
1904 5
1905 4
1906 5
1907 5
1909 0
1911 5
1912 0
1914 2
1918 5
1919 4
1924 0
1925 2
1927 5
1930 2
1931 4
1932 5
1935 0
1939 5
1941 4
1946 4
1948 5
1949 5
1955 2
1957 0
1959 2
1960 4
1963 2
1966 5
1969 4
1970 4
1977 3
1978 0
1979 0
1981 2
1982 1
1985 0
1989 0
1991 5
1992 0
2001 0
2002 5
2004 0
2005 5
2006 5
2007 5
2009 0
2012 0
2014 3
2015 0
2018 5
2021 4
2025 4
2026 4
2027 0
2039 2
2042 0
2047 0
2053 5
2056 5
2058 0
2059 4
2060 5
2062 4
2063 4
2066 3
2068 5
2076 2
2079 2
2080 4
2082 5
2085 2
2086 0
2087 2
2091 0
2096 3
2097 5
2102 0
2104 4
2106 0
2108 3
2109 3
2114 4
2117 4
2120 4
2121 0
2123 5
2124 0
2127 5
2128 5
2132 4
2133 0
2136 5
2141 2
2143 0
2145 3
2147 0
2150 2
2151 4
2154 0
2155 4
2156 5
2158 5
2159 4
2160 5
2162 4
2163 0
2164 5
2165 4
2166 0
2167 4
2168 0
2170 4
2176 4
2179 4
2180 2
2182 0
2185 5
2193 4
2195 0
2198 4
2199 4
2201 0
2206 2
2207 6
2208 2
2209 4
2210 0
2213 5
2216 5
2221 0
2223 5
2224 4
2226 2
2228 0
2233 5
2237 2
2240 0
2245 2
2246 0
2253 5
2254 0
2256 0
2260 5
2261 2
2262 2
2266 3
2270 5
2271 2
2272 2
2279 0
2280 0
2281 5
2285 0
2287 4
2289 4
2291 4
2293 5
2297 2
2300 2
2305 3
2306 4
2307 5
2316 2
2319 4
2320 5
2321 2
2323 3
2324 5
2326 2
2328 2
2330 5
2332 2
2337 4
2338 4
2340 3
2344 3
2347 0
2350 0
2351 3
2355 5
2359 0
2363 4
2365 4
2370 0
2375 4
2378 2
2381 5
2383 4
2385 4
2387 5
2389 4
2391 1
2395 0
2396 5
2397 5
2400 4
2402 5
2403 4
2410 5
2412 0
2413 0
2414 5
2415 5
2416 2
2417 0
2419 5
2422 2
2423 0
2425 0
2426 3
2435 0
2436 0
2437 5
2438 5
2443 4
2448 0
2451 0
2454 6
2455 0
2459 0
2460 2
2461 0
2464 4
2466 0
2467 4
2470 4
2478 0
2479 0
2481 4
2483 5
2485 5
2490 5
2492 5
2499 4
2500 0
2501 5
2503 0
2504 5
2506 2
2510 5
2511 0
2512 2
2513 0
2514 4
2515 4
2520 2
2521 4
2524 5
2530 2
2532 5
2533 4
2536 4
2537 5
2538 0
2541 5
2543 5
2544 3
2545 4
2550 5
2553 4
2557 2
2559 0
2561 4
2564 4
2568 0
2570 2
2574 0
2579 5
2587 4
2589 4
2590 0
2595 5
2597 2
2601 0
2602 5
2606 5
2607 0
2609 3
2610 0
2615 0
2616 3
2618 1
2620 4
2621 0
2622 0
2624 2
2627 4
2636 2
2642 5
2643 2
2650 2
2654 0
2657 0
2658 5
2659 2
2661 2
2664 4
2665 2
2667 5
2672 4
2675 4
2678 4
2679 0
2681 3
2683 4
2684 3
2685 4
2689 2
2690 5
2695 4
2700 4
2701 0
2703 0
2711 4
2712 2
2713 5
2716 0
2720 2
2728 4
2730 4
2733 5
2734 4
2735 5
2737 3
2738 2
2740 2
2741 4
2745 3
2749 0
2750 2
2751 4
2752 3
2754 5
2757 5
2759 5
2760 0
2763 5
2764 4
2766 0
2767 5
2770 0
2771 0
2775 0
2777 5
2778 5
2780 5
2786 4
2789 4
2790 2
2792 0
2795 2
2803 4
2806 2
2807 0
2809 3
2819 0
2820 4
2821 5
2825 3
2826 0
2827 0
2829 4
2833 0
2837 5
2840 4
2842 4
2843 0
2844 0
2848 4
2852 2
2860 4
2861 3
2862 2
2863 5
2866 0
2875 0
2877 0
2878 4
2884 3
2886 5
2890 5
2893 0
2894 3
2896 0
2898 5
2899 0
2900 2
2901 0
2904 4
2905 5
2906 2
2912 4
2914 0
2915 2
2920 5
2921 0
2922 5
2926 0
2929 4
2931 5
2935 0
2936 4
2939 4
2942 2
2943 0
2945 4
2946 0
2949 5
2951 5
2953 4
2954 0
2957 5
2963 5
2964 4
2966 4
2969 4
2970 1
2971 2
2972 0
2975 4
2977 0
2980 4
2982 0
2985 2
2986 2
2987 0
2988 0
2991 5
2993 2
2994 0
2997 2
3001 5
3003 4
3004 0
3006 5
3007 0
3008 5
3012 2
3014 0
3020 0
3026 2
3027 5
3030 3
3032 4
3034 4
3036 5
3037 2
3038 4
3039 0
3045 0
3046 5
3047 0
3048 3
3050 0
3052 4
3055 2
3056 5
3058 0
3061 2
3062 5
3064 2
3065 3
3066 5
3067 4
3071 0
3073 0
3075 5
3076 2
3078 0
3080 0
3083 2
3085 5
3087 5
3088 5
3089 0
3095 5
3097 5
3098 5
3099 5
3101 3
3104 6
3105 0
3107 4
3111 2
3112 5
3120 3
3121 0
3122 6
3124 4
3128 5
3129 3
3134 2
3135 0
3140 5
3141 5
3142 5
3147 2
3150 4
3152 5
3154 2
3156 4
3162 5
3163 5
3164 5
3167 0
3171 5
3172 4
3174 3
3176 4
3181 3
3188 4
3190 2
3191 5
3193 5
3194 0
3197 2
3200 0
3209 0
3210 3
3213 0
3215 2
3216 5
3220 3
3221 0
3222 2
3223 0
3224 5
3225 5
3228 5
3229 3
3231 4
3237 0
3239 4
3241 5
3243 4
3246 0
3247 4
3250 0
3252 1
3265 0
3266 4
3267 4
3268 4
3270 5
3272 5
3273 0
3275 4
3276 0
3278 2
3279 0
3290 4
3295 4
3296 0
3297 4
3301 0
3304 0
3307 5
3308 4
3309 0
3310 5
3313 0
3315 2
3320 4
3321 2
3322 1
3329 4
3330 2
3338 0
3341 5
3343 2
3351 2
3355 0
3359 0
3362 4
3364 0
3365 0
3366 5
3372 0
3373 3
3376 2
3378 0
3379 2
3383 2
3386 0
3387 5
3390 5
3391 0
3392 0
3394 2
3396 0
3397 0
3401 0
3407 5
3408 4
3409 5
3410 4
3412 0
3414 0
3421 0
3422 4
3424 0
3425 4
3430 3
3435 1
3441 2
3450 2
3451 5
3454 4
3455 5
3457 4
3458 5
3461 2
3464 5
3465 3
3470 4
3474 4
3475 4
3476 0
3477 5
3480 5
3481 5
3485 2
3487 0
3491 1
3495 0
3497 2
3500 5
3503 5
3504 2
3509 0
3513 5
3518 5
3521 4
3523 4
3525 0
3526 5
3527 2
3528 0
3529 0
3530 5
3535 0
3536 4
3537 3
3538 0
3539 2
3544 1
3548 4
3549 2
3553 4
3555 4
3556 5
3557 5
3562 4
3566 5
3568 0
3572 3
3578 2
3579 5
3584 0
3586 0
3588 5
3592 5
3593 0
3594 4
3596 5
3597 5
3600 3
3604 4
3607 3
3608 0
3609 0
3613 4
3614 5
3615 0
3618 0
3620 4
3623 0
3625 2
3627 0
3628 2
3629 0
3634 4
3635 4
3636 0
3637 5
3639 5
3640 5
3642 0
3644 3
3647 0
3648 0
3649 2
3650 2
3652 4
3653 2
3654 2
3656 0
3665 0
3666 2
3671 0
3673 5
3678 5
3682 5
3684 2
3685 2
3687 5
3688 3
3691 0
3693 2
3695 0
3698 4
3700 2
3701 2
3704 0
3705 4
3707 3
3709 0
3712 0
3717 4
3718 0
3720 0
3725 5
3726 2
3730 3
3732 2
3734 0
3735 2
3738 4
3741 5
3744 5
3748 0
3749 0
3752 4
3759 2
3762 2
3764 2
3768 2
3770 0
3771 3
3774 0
3778 0
3779 2
3780 4
3781 0
3783 4
3785 2
3792 0
3793 3
3794 4
3795 2
3796 0
3797 5
3798 2
3801 2
3808 0
3809 1
3810 4
3811 5
3815 5
3819 5
3824 0
3827 2
3832 0
3835 5
3837 5
3844 5
3845 4
3850 0
3857 4
3862 0
3863 0
3867 0
3868 4
3873 0
3882 5
3885 4
3886 5
3888 4
3890 4
3891 2
3893 5
3894 3
3896 4
3900 5
3905 4
3907 4
3910 0
3913 4
3928 3
3929 5
3931 0
3934 5
3936 5
3938 5
3940 4
3942 5
3943 0
3944 3
3945 2
3949 1
3950 0
3951 0
3955 0
3957 5
3960 0
3961 4
3962 5
3964 0
3970 3
3971 4
3976 5
3977 2
3982 0
3987 0
3990 1
3992 4
3996 0
3997 0
3998 5
3999 0
4005 4
4008 0
4010 4
4012 0
4013 0
4016 4
4020 5
4024 2
4025 0
4026 4
4027 5
4028 4
4032 5
4033 5
4042 3
4048 0
4050 0
4051 5
4052 2
4053 0
4054 4
4055 5
4057 5
4058 3
4062 2
4065 3
4066 4
4068 4
4070 4
4072 0
4073 2
4076 1
4077 2
4080 3
4088 0
4092 3
4093 2
4094 0
4095 0
4097 0
4101 5
4103 5
4106 0
4107 5
4108 4
4110 4
4113 5
4114 5
4115 5
4118 5
4119 4
4122 0
4123 0
4125 5
4132 5
4133 5
4139 2
4143 2
4146 0
4149 4
4151 4
4153 4
4161 4
4164 0
4166 2
4168 2
4169 5
4170 0
4173 5
4175 5
4180 0
4186 3
4190 4
4191 0
4192 2
4194 0
4196 4
4197 2
4199 4
4204 5
4209 4
4210 0
4213 0
4216 2
4218 4
4219 0
4224 5
4227 2
4228 4
4231 2
4234 0
4235 5
4238 4
4240 2
4241 5
4243 4
4248 4
4251 0
4252 4
4255 4
4256 5
4257 2
4259 0
4260 0
4262 5
4264 5
4272 4
4275 4
4276 5
4277 4
4278 2
4283 4
4284 5
4287 3
4289 4
4292 4
4295 4
4303 5
4304 5
4309 4
4310 0
4315 5
4321 0
4322 4
4324 4
4326 5
4327 0
4328 5
4330 2
4334 0
4338 5
4340 4
4341 0
4343 4
4345 5
4348 5
4349 0
4351 2
4352 5
4356 4
4357 3
4361 5
4362 0
4364 0
4370 3
4374 0
4375 5
4376 5
4379 4
4383 2
4386 4
4388 2
4390 4
4391 0
4393 5
4395 5
4398 5
4400 2
4405 0
4406 4
4409 5
4412 0
4413 5
4416 2
4417 3
4422 0
4423 5
4425 0
4426 0
4429 4
4430 2
4432 5
4434 3
4436 0
4439 4
4444 0
4448 4
4450 2
4451 5
4452 4
4455 2
4456 4
4457 0
4460 4
4463 5
4465 2
4466 5
4471 4
4473 2
4477 3
4479 5
4480 4
4486 4
4487 4
4488 5
4489 2
4491 0
4493 5
4494 4
4497 4
4498 4
4500 4
4503 5
4504 2
4508 4
4510 2
4516 0
4523 2
4527 5
4528 5
4531 5
4532 2
4533 5
4534 0
4536 5
4537 4
4539 0
4543 5
4545 2
4546 4
4553 4
4554 4
4557 4
4562 4
4564 4
4565 4
4569 0
4570 0
4578 0
4584 5
4586 4
4588 5
4589 5
4594 2
4596 4
4598 0
4604 5
4605 3
4607 2
4609 4
4613 0
4616 5
4617 0
4622 0
4623 5
4624 4
4631 5
4633 4
4637 4
4640 0
4642 2
4644 4
4645 0
4646 4
4648 5
4651 5
4653 4
4654 5
4655 5
4661 5
4662 0
4665 2
4671 0
4673 3
4675 0
4676 5
4677 3
4678 0
4679 4
4680 4
4681 5
4682 3
4685 3
4688 3
4693 2
4695 4
4698 2
4703 2
4705 4
4707 4
4710 2
4713 4
4714 4
4718 4
4720 0
4723 4
4724 0
4726 4
4730 3
4733 4
4734 4
4738 5
4739 3
4744 4
4752 0
4753 2
4754 5
4757 0
4758 0
4759 4
4760 3
4762 5
4764 3
4767 4
4768 5
4770 0
4772 5
4775 0
4781 4
4785 4
4789 0
4790 3
4791 4
4803 5
4806 0
4811 0
4814 0
4815 5
4819 5
4822 2
4826 5
4827 4
4828 4
4830 0
4831 4
4833 5
4834 5
4835 4
4837 5
4839 4
4840 5
4844 0
4846 2
4847 5
4851 0
4852 3
4853 2
4857 4
4858 3
4861 5
4863 2
4869 0
4872 2
4874 4
4887 4
4893 5
4895 5
4898 5
4903 4
4911 2
4913 0
4914 2
4915 4
4919 2
4921 4
4922 2
4924 2
4925 2
4926 2
4927 0
4929 4
4932 0
4934 0
4944 3
4950 2
4951 2
4957 4
4959 2
4964 2
4968 2
4969 2
4970 4
4972 1
4973 0
4975 4
4976 4
4977 4
4979 4
4981 0
4986 3
4989 2
4992 4
4993 0
5003 0
5007 5
5009 5
5011 4
5012 4
5017 5
5021 0
5024 5
5026 2
5027 5
5029 5
5031 5
5034 2
5035 5
5037 4
5038 4
5039 0
5041 5
5042 5
5044 4
5047 0
5048 0
5049 2
5051 5
5055 2
5056 4
5057 6
5065 4
5070 3
5071 2
5072 2
5074 4
5078 2
5079 4
5080 4
5082 5
5084 2
5087 5
5089 0
5093 5
5094 0
5099 2
5102 0
5103 2
5105 4
5106 0
5108 2
5112 0
5120 4
5122 4
5123 5
5125 4
5127 4
5130 4
5131 2
5140 4
5141 5
5143 3
5147 5
5149 0
5151 2
5152 2
5157 4
5161 2
5163 2
5164 0
5168 5
5173 0
5174 5
5175 4
5178 3
5181 0
5190 0
5200 2
5201 3
5203 0
5204 4
5205 0
5210 0
5212 5
5213 3
5215 4
5218 5
5222 2
5224 0
5228 0
5230 0
5232 0
5238 0
5239 4
5241 0
5242 2
5244 0
5247 2
5248 4
5253 5
5257 4
5259 5
5262 2
5265 5
5268 5
5270 0
5272 5
5275 5
5279 2
5286 0
5287 0
5291 5
5293 2
5296 2
5298 5
5301 0
5303 0
5308 5
5311 2
5316 5
5317 2
5318 0
5320 2
5321 0
5322 3
5323 5
5328 4
5330 5
5337 0
5341 5
5342 0
5343 3
5345 2
5347 5
5348 2
5352 5
5357 0
5363 2
5365 5
5366 0
5368 0
5369 4
5374 5
5376 2
5378 0
5381 2
5382 3
5383 4
5388 3
5390 0
5393 2
5395 0
5398 5
5404 0
5407 2
5420 5
5422 4
5423 5
5424 4
5425 5
5428 5
5431 2
5432 3
5434 5
5435 0
5436 2
5438 4
5440 5
5441 4
5448 4
5451 5
5453 5
5459 4
5461 0
5462 4
5463 4
5464 2
5465 5
5470 5
5472 0
5473 2
5480 5
5482 0
5487 4
5493 1
5494 0
5496 3
5497 5
5505 0
5506 0
5508 0
5510 2
5513 4
5521 3
5524 0
5533 5
5540 2
5543 4
5547 5
5552 4
5553 2
5555 0
5556 0
5557 2
5558 5
5559 5
5561 4
5564 2
5567 5
5578 0
5579 3
5586 0
5587 4
5592 2
5593 0
5594 2
5598 0
5601 2
5606 5
5608 5
5611 0
5620 0
5621 0
5622 5
5623 4
5624 2
5627 0
5628 3
5630 3
5631 3
5633 3
5635 5
5637 0
5638 0
5640 4
5641 2
5646 5
5647 5
5648 3
5654 5
5655 5
5658 0
5659 5
5672 0
5678 0
5679 5
5680 5
5681 0
5682 4
5687 0
5688 4
5689 2
5690 5
5693 4
5697 2
5699 0
5700 5
5701 0
5702 5
5706 0
5709 5
5711 5
5712 2
5713 2
5714 5
5716 2
5719 2
5722 0
5723 5
5724 0
5728 0
5734 0
5736 2
5739 4
5741 4
5743 2
5751 4
5752 5
5757 5
5758 5
5759 2
5763 0
5764 5
5767 4
5768 2
5769 0
5770 0
5771 5
5772 2
5773 3
5776 0
5778 2
5781 5
5782 4
5794 3
5796 5
5800 5
5808 4
5813 4
5815 2
5816 5
5823 2
5824 0
5829 4
5835 4
5836 4
5837 4
5840 2
5847 5
5849 4
5851 3
5852 2
5857 5
5858 4
5861 5
5864 5
5865 3
5867 4
5869 5
5870 4
5871 5
5876 5
5877 5
5880 4
5881 0
5882 0
5885 3
5887 4
5891 5
5902 4
5904 2
5905 2
5906 2
5908 0
5914 4
5917 4
5918 5
5919 5
5920 4
5921 3
5932 5
5934 5
5937 0
5938 0
5947 3
5948 2
5952 0
5954 0
5955 5
5956 0
5957 4
5960 0
5962 0
5963 0
5965 0
5967 5
5971 4
5973 3
5974 3
5975 0
5976 0
5982 0
5993 5
5999 0
6000 5
6002 1
6006 0
6008 5
6016 5
6017 5
6020 0
6022 2
6023 4
6027 0
6029 5
6030 2
6031 5
6033 3
6034 4
6039 3
6049 0
6056 5
6057 5
6058 5
6061 2
6066 2
6068 4
6071 0
6073 4
6074 4
6078 2
6082 5
6083 0
6084 2
6087 0
6088 4
6089 4
6090 4
6093 0
6095 0
6099 0
6104 0
6106 0
6108 0
6110 0
6114 4
6119 0
6125 5
6127 3
6128 0
6131 0
6132 2
6137 2
6138 2
6143 5
6147 4
6148 0
6149 0
6152 3
6153 5
6154 0
6160 3
6161 2
6164 4
6168 2
6169 2
6170 3
6176 5
6178 3
6181 3
6184 2
6187 4
6190 3
6193 4
6195 5
6200 5
6201 4
6210 4
6214 0
6215 0
6216 5
6218 4
6225 4
6234 0
6235 4
6236 2
6238 2
6239 0
6240 0
6246 3
6249 2
6250 4
6253 4
6254 4
6255 4
6257 0
6259 5
6263 2
6268 5
6270 2
6271 0
6273 3
6274 0
6277 5
6278 5
6280 0
6288 5
6289 0
6290 5
6291 5
6293 2
6298 5
6300 0
6303 2
6308 5
6312 0
6314 2
6316 5
6322 1
6324 0
6331 4
6333 0
6337 5
6339 5
6341 2
6342 5
6348 0
6349 0
6350 5
6352 5
6362 0
6366 5
6370 5
6374 5
6375 2
6377 4
6380 0
6383 0
6391 0
6392 5
6394 3
6395 0
6400 4
6405 5
6409 5
6410 4
6411 2
6416 5
6419 2
6420 5
6425 0
6427 0
6428 0
6429 4
6430 3
6431 0
6438 4
6439 5
6446 0
6450 3
6452 3
6454 0
6459 0
6464 0
6465 4
6472 4
6474 2
6475 5
6476 2
6478 0
6480 3
6483 5
6495 0
6503 2
6505 5
6507 0
6508 5
6509 4
6510 2
6511 4
6513 0
6515 5
6516 0
6517 5
6518 0
6519 3
6520 2
6521 3
6522 4
6525 5
6529 3
6537 5
6540 0
6541 3
6543 0
6549 0
6556 5
6560 5
6561 5
6563 0
6568 0
6579 5
6580 4
6591 2
6597 4
6598 3
6603 0
6605 5
6608 2
6610 4
6611 0
6613 4
6620 5
6623 4
6624 0
6629 5
6634 1
6636 4
6639 2
6640 4
6642 4
6645 5
6649 3
6650 2
6654 0
6655 2
6656 5
6659 0
6663 2
6667 4
6669 0
6672 0
6675 3
6681 0
6685 2
6689 2
6690 4
6691 0
6699 4
6700 5
6709 0
6710 2
6713 5
6717 4
6718 0
6719 0
6720 5
6727 4
6730 0
6731 4
6742 2
6744 5
6745 4
6753 0
6754 4
6756 3
6760 2
6762 4
6766 5
6769 5
6771 5
6772 0
6774 5
6775 4
6777 2
6778 5
6779 5
6782 0
6785 0
6787 0
6790 2
6791 4
6792 2
6793 0
6796 4
6797 5
6801 2
6802 0
6803 3
6804 3
6806 0
6807 2
6809 0
6810 3
6812 0
6813 2
6825 0
6827 4
6828 5
6830 2
6832 2
6833 5
6835 0
6836 5
6838 3
6842 4
6847 0
6855 0
6856 4
6858 0
6862 4
6865 4
6870 5
6872 0
6874 5
6875 0
6876 5
6877 5
6878 4
6879 0
6880 0
6886 4
6887 0
6888 2
6894 0
6895 2
6898 2
6904 0
6905 3
6906 5
6907 5
6909 4
6916 0
6920 5
6921 5
6922 0
6924 0
6926 5
6929 2
6931 0
6932 3
6936 4
6942 5
6945 0
6948 0
6949 4
6953 5
6955 3
6957 4
6958 4
6961 0
6962 0
6967 5
6969 2
6971 2
6972 5
6973 0
6975 4
6976 4
6977 5
6983 5
6985 0
6987 5
6990 0
6991 2
6993 4
6999 5
7000 3
7008 5
7009 2
7021 3
7023 2
7024 0
7025 0
7031 5
7035 2
7036 4
7038 5
7041 0
7046 0
7052 0
7053 0
7055 4
7056 5
7061 4
7062 2
7063 6
7065 2
7067 0
7068 2
7072 0
7073 0
7075 5
7077 0
7079 4
7080 2
7081 5
7085 0
7087 0
7088 2
7089 5
7090 4
7100 5
7102 0
7111 3
7112 0
7113 5
7114 0
7115 0
7122 0
7124 0
7127 5
7128 4
7129 4
7130 2
7132 5
7133 2
7134 2
7138 5
7141 2
7143 0
7145 4
7147 5
7150 5
7152 4
7158 4
7160 4
7163 5
7164 2
7165 3
7168 0
7170 0
7173 0
7175 0
7180 2
7184 0
7186 0
7194 4
7199 5
7203 4
7209 4
7212 0
7221 5
7229 2
7231 2
7238 5
7240 0
7243 0
7247 0
7248 5
7251 0
7262 0
7265 3
7269 0
7274 3
7276 0
7278 3
7279 5
7282 5
7291 4
7303 5
7304 2
7306 0
7314 4
7315 5
7316 2
7318 4
7322 0
7323 5
7325 5
7327 0
7328 0
7329 5
7331 2
7332 5
7334 4
7336 0
7337 0
7338 0
7341 3
7344 2
7345 2
7346 0
7353 5
7356 0
7358 0
7359 0
7360 2
7364 0
7365 5
7366 4
7378 2
7381 5
7384 0
7387 4
7389 0
7391 0
7393 2
7394 0
7397 5
7399 3
7404 5
7410 0
7411 2
7416 2
7419 5
7420 0
7424 4
7425 4
7431 5
7434 5
7435 0
7438 5
7444 5
7445 2
7450 5
7451 0
7452 2
7454 5
7455 3
7457 5
7463 4
7468 0
7470 0
7471 4
7472 5
7480 5
7482 3
7483 0
7486 4
7487 4
7492 5
7496 0
7502 4
7508 4
7511 0
7513 0
7517 4
7518 5
7520 0
7524 2
7527 0
7528 5
7529 0
7530 5
7532 4
7535 2
7536 0
7540 0
7551 4
7553 5
7555 0
7559 3
7564 5
7567 4
7573 5
7574 5
7576 3
7578 0
7588 2
7591 5
7594 4
7595 4
7596 5
7597 0
7602 0
7609 3
7612 0
7617 0
7618 0
7622 5
7626 0
7627 5
7628 0
7630 2
7631 5
7633 5
7637 5
7638 4
7644 4
7645 0
7647 0
7648 2
7650 5
7651 2
7652 2
7657 5
7658 3
7661 5
7663 0
7666 2
7668 5
7674 0
7677 5
7678 2
7680 2
7682 3
7689 4
7692 2
7695 5
7699 4
7703 2
7704 3
7711 2
7715 3
7721 4
7723 2
7724 0
7725 4
7728 4
7729 0
7733 0
7736 0
7742 4
7746 4
7747 0
7750 5
7752 4
7753 4
7758 0
7759 0
7761 5
7763 5
7764 5
7767 0
7771 3
7772 2
7777 5
7778 3
7781 5
7782 5
7786 4
7791 4
7792 5
7796 0
7799 0
7800 4
7805 5
7808 2
7809 5
7810 0
7816 5
7817 0
7818 3
7819 5
7821 5
7824 0
7826 4
7827 5
7830 5
7832 0
7837 5
7839 2
7840 4
7843 2
7846 5
7848 2
7850 4
7852 0
7853 4
7856 4
7858 3
7861 5
7864 4
7869 0
7870 1
7872 4
7873 4
7875 0
7877 3
7884 4
7885 4
7887 3
7888 5
7890 2
7892 0
7895 2
7897 0
7898 2
7905 5
7906 1
7907 5
7909 5
7912 2
7916 0
7920 5
7923 4
7925 4
7926 3
7929 0
7944 5
7946 5
7948 2
7951 4
7956 0
7960 4
7961 5
7968 0
7969 3
7975 4
7977 4
7982 4
7986 4
7988 4
7992 4
7995 0
8000 0
8001 4
8003 5
8004 4
8005 2
8007 4
8008 0
8010 5
8011 4
8016 5
8021 3
8024 0
8033 4
8034 5
8038 0
8041 3
8043 0
8051 0
8055 3
8057 0
8060 0
8063 5
8064 4
8067 1
8069 0
8072 0
8077 5
8079 2
8080 0
8084 0
8086 2
8088 5
8092 5
8095 5
8098 4
8101 5
8102 0
8106 2
8109 5
8110 5
8115 2
8117 4
8118 4
8119 4
8124 4
8126 0
8130 0
8133 3
8135 0
8141 4
8142 0
8144 0
8145 0
8149 5
8151 4
8154 3
8158 5
8159 0
8160 2
8163 3
8166 5
8169 5
8171 0
8172 5
8178 0
8188 4
8190 0
8197 0
8206 4
8209 2
8211 2
8215 3
8216 5
8220 2
8222 5
8225 5
8226 5
8231 5
8235 0
8236 4
8238 5
8243 0
8247 5
8251 2
8256 4
8257 0
8260 5
8271 5
8273 2
8274 0
8275 0
8276 4
8278 0
8281 5
8286 2
8287 5
8288 5
8290 0
8292 0
8293 3
8295 5
8301 4
8304 0
8311 4
8315 0
8317 0
8323 2
8324 5
8329 0
8330 5
8332 2
8334 5
8335 4
8337 3
8349 0
8356 2
8359 0
8361 4
8368 2
8374 2
8378 5
8381 5
8382 2
8396 3
8398 0
8399 2
8402 5
8404 0
8407 0
8408 0
8411 5
8412 4
8415 0
8416 2
8417 2
8418 0
8419 5
8421 0
8422 4
8425 0
8426 0
8429 5
8433 2
8436 5
8437 2
8443 0
8452 4
8453 4
8454 5
8455 0
8456 3
8464 0
8466 4
8475 0
8476 4
8477 4
8481 5
8483 2
8484 0
8487 0
8488 5
8489 5
8491 3
8494 2
8496 2
8497 0
8498 0
8499 4
8503 3
8504 2
8505 2
8510 4
8511 4
8513 4
8514 0
8515 0
8517 4
8518 0
8526 5
8527 5
8528 0
8529 0
8530 0
8538 5
8539 4
8550 4
8553 1
8554 0
8555 5
8556 4
8558 4
8563 4
8564 4
8565 3
8569 0
8570 5
8571 0
8576 0
8577 5
8579 4
8591 5
8592 0
8593 4
8595 5
8596 0
8597 0
8606 4
8607 0
8616 5
8619 2
8620 2
8621 5
8622 0
8625 5
8631 4
8632 2
8633 5
8636 2
8637 0
8638 3
8643 3
8646 0
8648 4
8652 5
8653 0
8655 4
8657 4
8663 0
8674 5
8677 0
8685 0
8688 6
8689 5
8690 5
8695 4
8698 0
8700 4
8704 5
8705 5
8713 2
8714 0
8717 5
8719 5
8728 4
8731 2
8732 5
8733 5
8738 5
8742 0
8743 4
8748 3
8749 5
8750 0
8755 0
8756 5
8757 2
8766 4
8768 3
8771 2
8774 3
8775 4
8777 3
8778 4
8779 0
8780 3
8781 5
8783 0
8786 5
8790 2
8795 5
8797 2
8798 4
8802 5
8803 5
8804 2
8805 0
8806 4
8817 5
8819 0
8824 5
8826 5
8829 0
8831 5
8836 0
8840 0
8841 5
8852 4
8853 5
8855 5
8856 0
8858 1
8860 5
8862 5
8863 5
8864 4
8865 0
8868 0
8869 5
8871 5
8875 4
8878 4
8879 2
8883 3
8891 0
8892 5
8895 5
8896 0
8898 4
8910 5
8911 5
8913 4
8914 0
8921 5
8922 0
8926 5
8928 5
8930 0
8933 4
8934 5
8935 0
8936 4
8937 4
8938 0
8954 4
8955 0
8960 4
8962 2
8969 0
8971 5
8973 0
8975 5
8976 0
8979 2
8982 2
8984 5
8987 0
8988 4
8994 0
8998 4
9001 0
9005 4
9008 0
9009 0
9011 2
9014 2
9020 5
9021 0
9022 5
9027 2
9034 5
9035 0
9046 0
9048 4
9050 5
9051 5
9055 4
9056 2
9058 0
9059 0
9061 1
9062 4
9064 5
9065 5
9066 5
9067 5
9070 0
9071 5
9072 4
9080 0
9087 4
9089 3
9091 5
9096 0
9100 5
9103 5
9105 4
9108 5
9110 4
9114 3
9115 0
9117 0
9119 0
9126 0
9128 5
9132 4
9133 0
9135 4
9137 4
9138 3
9139 5
9140 2
9141 3
9143 5
9144 5
9147 2
9148 0
9150 5
9152 0
9157 5
9160 5
9164 5
9173 4
9176 0
9183 5
9187 0
9190 3
9194 4
9196 0
9203 0
9206 3
9207 4
9209 5
9210 0
9215 4
9228 0
9233 0
9237 0
9239 2
9241 4
9246 4
9247 3
9250 5
9251 2
9252 0
9255 5
9259 3
9263 5
9266 2
9267 4
9269 2
9270 4
9275 5
9276 4
9277 4
9279 0
9286 5
9287 4
9288 5
9292 0
9293 4
9295 0
9296 0
9299 0
9300 3
9302 1
9308 2
9309 5
9310 5
9311 4
9314 0
9326 4
9329 0
9335 4
9336 4
9342 0
9344 2
9346 5
9350 3
9351 0
9352 4
9353 0
9355 0
9358 3
9362 5
9363 2
9366 0
9369 5
9370 2
9371 2
9373 4
9375 2
9376 5
9381 4
9384 4
9385 2
9386 4
9388 0
9390 0
9393 2
9394 5
9395 2
9399 0
9402 0
9403 0
9407 4
9408 5
9410 2
9412 5
9415 4
9416 2
9417 3
9419 2
9420 0
9421 0
9422 0
9423 2
9427 2
9428 2
9431 5
9433 2
9435 5
9445 2
9446 4
9450 0
9451 2
9458 2
9459 2
9461 2
9469 4
9470 5
9475 4
9479 4
9481 4
9486 0
9487 0
9488 0
9489 4
9494 0
9502 5
9507 2
9508 0
9509 5
9510 5
9514 0
9515 0
9516 5
9518 0
9520 2
9530 0
9532 3
9535 3
9541 0
9542 2
9544 4
9546 0
9550 2
9551 0
9552 2
9553 5
9554 0
9562 4
9566 0
9567 2
9569 0
9570 0
9571 0
9572 0
9580 5
9582 0
9583 0
9585 5
9588 2
9589 0
9595 0
9596 4
9597 2
9599 3
9600 2
9602 0
9603 3
9608 5
9609 2
9610 0
9611 3
9613 5
9619 4
9621 2
9622 0
9623 5
9633 0
9636 2
9651 0
9652 2
9654 0
9664 5
9669 5
9670 4
9675 5
9676 4
9680 0
9683 0
9687 2
9696 4
9700 5
9701 5
9702 5
9709 2
9716 2
9717 1
9719 0
9720 4
9721 4
9724 4
9725 0
9729 2
9733 0
9735 5
9740 0
9746 4
9748 4
9751 0
9756 0
9766 0
9770 5
9771 0
9772 2
9773 0
9775 3
9776 5
9781 4
9782 0
9783 2
9788 0
9789 0
9790 5
9791 2
9792 0
9794 4
9798 0
9799 5
9802 5
9803 2
9805 2
9807 0
9809 5
9810 0
9814 5
9818 4
9819 0
9824 4
9828 4
9830 0
9832 4
9833 4
9835 4
9836 0
9845 5
9850 0
9851 5
9856 0
9858 5
9859 5
9861 0
9862 5
9863 3
9864 2
9867 0
9869 0
9875 5
9876 5
9879 2
9884 0
9885 1
9887 5
9889 0
9897 0
9898 2
9899 0
9912 5
9913 4
9918 5
9919 4
9920 3
9921 0
9927 2
9928 0
9932 5
9937 0
9938 0
9940 4
9941 5
9942 2
9950 4
9951 0
9952 5
9953 4
9954 4
9956 4
9957 4
9961 4
9966 5
9967 3
9982 2
9986 5
9987 0
9988 4
9990 4
9991 4
9992 5
9997 0
9998 4
9999 5
10002 4
10006 4
10011 5
10012 5
10014 2
10026 4
10027 2
10028 2
10030 2
10032 5
10033 2
10037 0
10038 3
10040 3
10041 3
10043 2
10044 3
10046 5
10049 5
10050 5
10055 5
10062 0
10064 4
10069 5
10070 4
10071 5
10079 0
10083 5
10084 5
10088 5
10092 0
10093 4
10095 5
10099 3
10100 2
10101 5
10103 4
10110 0
10112 4
10113 5
10117 5
10122 4
10124 4
10127 5
10129 4
10131 2
10134 0
10135 0
10136 4
10139 5
10145 0
10146 5
10147 2
10151 4
10153 4
10160 0
10162 4
10166 3
10167 4
10170 2
10171 2
10172 0
10174 4
10177 5
10178 2
10184 5
10186 3
10189 3
10191 0
10194 0
10195 0
10201 2
10206 4
10210 4
10215 3
10217 0
10229 5
10231 0
10233 0
10234 0
10235 4
10238 3
10241 0
10242 2
10243 0
10247 0
10250 4
10251 4
10252 2
10253 2
10256 4
10257 4
10258 5
10259 5
10260 5
10261 2
10263 5
10268 0
10272 2
10275 0
10280 0
10282 4
10285 5
10286 0
10288 0
10290 0
10291 0
10292 0
10293 5
10298 0
10302 0
10304 4
10305 4
10309 5
10312 0
10313 5
10319 4
10320 5
10322 5
10328 5
10330 0
10331 0
10335 0
10338 0
10339 5
10350 3
10352 0
10356 5
10359 2
10363 2
10367 5
10372 0
10382 4
10383 0
10384 5
10386 0
10387 0
10390 2
10396 0
10399 0
10403 2
10406 3
10412 0
10415 0
10419 0
10420 4
10422 2
10424 2
10425 0
10427 2
10429 0
10436 5
10437 4
10441 0
10445 0
10447 2
10448 4
10454 4
10456 0
10459 4
10461 2
10467 5
10468 0
10472 0
10473 4
10475 2
10477 5
10478 5
10480 4
10482 0
10484 2
10487 5
10488 5
10491 3
10493 0
10494 5
10496 5
10500 3
10501 4
10503 4
10504 5
10505 3
10507 0
10508 4
10509 0
10510 0
10515 0
10519 0
10524 0
10531 4
10533 0
10534 0
10539 0
10541 0
10543 5
10544 0
10545 5
10548 0
10549 5
10551 2
10552 4
10553 0
10554 4
10555 0
10557 3
10562 5
10566 4
10570 0
10571 0
10575 2
10579 5
10581 0
10583 5
10585 0
10587 0
10588 5
10594 4
10595 0
10596 5
10601 5
10605 5
10606 3
10609 0
10615 0
10618 4
10619 2
10621 0
10623 0
10628 4
10629 2
10634 0
10635 0
10638 0
10639 4
10645 2
10646 4
10654 5
10660 5
10663 2
10665 4
10666 2
10668 0
10671 3
10685 0
10687 4
10691 0
10695 0
10696 5
10698 5
10699 5
10703 5
10706 5
10707 0
10710 0
10714 5
10715 2
10717 0
10718 0
10721 0
10723 4
10724 2
10726 0
10727 4
10730 0
10738 0
10742 5
10745 3
10747 4
10748 5
10753 4
10756 5
10757 5
10759 3
10764 4
10766 4
10768 0
10770 5
10781 2
10789 5
10791 4
10797 5
10802 2
10810 4
10812 5
10814 2
10821 5
10827 5
10831 0
10833 3
10837 4
10838 4
10842 2
10843 4
10845 0
10846 2
10848 0
10849 4
10850 2
10852 4
10853 0
10854 4
10856 4
10857 4
10859 4
10861 0
10862 0
10868 3
10871 0
10872 5
10874 2
10877 4
10880 4
10884 0
10887 0
10890 0
10891 0
10893 4
10895 5
10897 5
10898 5
10903 0
10907 5
10916 2
10918 4
10919 5
10922 4
10924 2
10926 3
10928 3
10931 5
10932 4
10933 2
10934 5
10935 4
10943 2
10947 4
10954 5
10958 0
10959 2
10961 0
10962 5
10975 0
10977 0
10982 5
10983 4
10984 0
10985 6
10987 5
10992 0
11001 0
11005 5
11008 5
11009 0
11011 5
11013 4
11015 4
11018 0
11019 2
11020 2
11021 5
11024 4
11027 5
11034 0
11035 0
11039 4
11044 0
11046 4
11064 4
11065 4
11067 1
11068 0
11079 4
11080 0
11082 5
11083 5
11091 0
11097 5
11099 0
11100 5
11107 5
11108 0
11111 5
11113 5
11114 2
11116 4
11117 0
11125 0
11126 6
11128 5
11134 0
11137 0
11140 5
11142 0
11143 5
11144 5
11145 3
11146 0
11147 0
11148 5
11149 5
11150 4
11152 5
11153 3
11154 0
11156 4
11158 3
11159 4
11163 5
11164 2
11165 3
11172 0
11176 2
11179 0
11182 4
11184 5
11189 2
11190 3
11194 0
11195 4
11198 0
11201 0
11203 4
11207 3
11208 5
11213 2
11215 4
11217 4
11225 4
11230 3
11233 4
11238 4
11242 5
11243 5
11245 5
11247 4
11248 4
11249 2
11251 4
11252 4
11253 0
11254 5
11256 0
11257 2
11259 2
11260 5
11268 0
11269 4
11275 3
11278 0
11280 0
11289 3
11290 3
11295 4
11298 0
11308 0
11310 5
11314 4
11315 0
11317 0
11318 4
11319 0
11321 0
11322 3
11323 4
11330 2
11332 0
11333 4
11336 0
11340 4
11351 0
11352 5
11355 0
11362 3
11364 4
11366 4
11367 2
11371 0
11374 3
11379 5
11383 0
11385 0
11386 4
11388 0
11390 4
11391 5
11393 4
11395 2
11397 3
11398 0
11400 6
11402 2
11403 2
11404 0
11407 0
11413 0
11416 0
11418 4
11419 0
11420 2
11422 2
11429 0
11436 2
11437 2
11440 5
11448 2
11449 3
11452 0
11453 5
11454 0
11456 4
11458 0
11464 0
11466 0
11468 3
11470 0
11471 4
11475 4
11476 2
11478 0
11480 5
11481 0
11485 2
11486 0
11492 0
11496 4
11503 5
11511 3
11523 0
11530 5
11531 2
11536 2
11537 4
11539 4
11541 2
11544 0
11551 0
11556 5
11559 4
11567 2
11570 4
11571 0
11573 2
11581 4
11584 4
11589 0
11598 5
11599 0
11602 0
11606 5
11609 3
11612 4
11618 2
11619 3
11628 2
11633 2
11639 3
11641 6
11642 2
11644 2
11645 4
11646 0
11647 0
11648 4
11652 5
11653 5
11655 4
11664 6
11665 4
11667 0
11671 4
11672 3
11673 5
11675 2
11677 0
11678 5
11683 5
11685 4
11688 5
11689 0
11690 4
11692 4
11693 2
11694 5
11704 4
11705 5
11706 0
11709 0
11710 0
11713 4
11716 0
11720 0
11721 0
11723 4
11725 2
11728 4
11730 3
11731 2
11732 5
11743 2
11745 5
11749 0
11750 5
11754 0
11760 4
11763 5
11766 5
11769 4
11772 0
11774 0
11777 0
11779 2
11780 4
11781 4
11782 0
11783 2
11785 4
11793 0
11794 5
11797 0
11801 3
11804 3
11805 5
11807 2
11808 0
11809 5
11813 0
11814 4
11815 5
11818 0
11823 5
11824 5
11828 0
11829 6
11834 0
11838 2
11843 2
11845 5
11849 5
11851 0
11852 0
11853 5
11855 0
11858 0
11861 2
11863 5
11864 4
11866 4
11867 4
11872 3
11873 4
11875 2
11877 5
11881 0
11882 4
11884 5
11887 5
11890 5
11893 4
11899 4
11900 2
11902 4
11904 4
11906 3
11909 2
11912 0
11915 1
11917 4
11918 4
11922 2
11925 3
11928 5
11929 0
11933 3
11934 2
11940 0
11944 5
11945 0
11949 5
11954 0
11955 4
11957 5
11958 0
11966 5
11967 2
11970 4
11972 5
11973 5
11977 3
11981 5
11983 0
11985 2
11990 5
11991 4
11993 5
11995 0
11996 4
12003 5
12006 4
12009 0
12010 5
12013 0
12016 0
12017 0
12024 5
12027 2
12029 2
12030 5
12031 2
12036 4
12037 5
12038 0
12040 5
12042 0
12044 4
12045 5
12047 0
12052 4
12054 5
12058 0
12059 4
12064 0
12067 5
12072 0
12073 2
12078 5
12079 5
12080 5
12083 5
12085 0
12087 3
12089 0
12091 0
12092 5
12094 4
12097 3
12100 5
12101 5
12102 5
12106 4
12107 5
12112 4
12114 0
12115 0
12122 5
12125 0
12127 5
12130 4
12133 4
12136 1
12141 0
12142 2
12145 4
12147 0
12151 2
12157 3
12162 4
12164 2
12166 5
12170 5
12178 5
12179 2
12183 2
12186 0
12193 4
12200 4
12202 5
12205 0
12208 2
12212 0
12214 0
12217 5
12219 4
12220 2
12224 2
12228 4
12234 2
12235 4
12238 0
12240 0
12243 4
12249 4
12252 0
12254 2
12255 3
12260 0
12261 5
12265 5
12266 2
12267 0
12269 3
12272 4
12275 4
12280 0
12281 0
12284 2
12286 6
12289 0
12291 5
12294 5
12299 5
12300 0
12301 0
12309 2
12311 4
12314 5
12315 5
12322 4
12323 5
12324 0
12325 0
12330 2
12331 4
12332 4
12335 0
12338 4
12344 4
12357 0
12358 0
12361 5
12363 0
12367 5
12380 0
12382 2
12383 4
12387 2
12396 4
12398 5
12399 5
12403 0
12409 2
12421 0
12422 2
12429 4
12431 3
12435 0
12447 2
12448 2
12449 0
12450 4
12451 4
12456 5
12457 0
12460 4
12462 2
12467 5
12469 0
12471 4
12476 0
12478 0
12479 0
12480 5
12481 5
12482 4
12486 0
12488 0
12489 4
12491 5
12492 5
12498 0
12506 0
12507 5
12515 0
12518 0
12519 5
12525 5
12529 4
12534 0
12535 5
12536 2
12538 5
12540 4
12544 5
12550 2
12552 5
12555 0
12557 5
12561 4
12563 2
12565 5
12567 5
12568 5
12571 4
12583 0
12584 5
12586 1
12590 3
12598 4
12599 0
12600 2
12603 2
12606 3
12607 2
12608 5
12609 5
12612 0
12619 5
12621 5
12622 0
12623 0
12629 0
12630 4
12632 0
12634 4
12635 0
12639 0
12646 4
12648 4
12652 5
12653 3
12655 0
12656 0
12660 4
12668 4
12671 0
12681 2
12686 0
12689 5
12698 5
12706 2
12709 5
12712 3
12715 5
12716 2
12725 0
12729 5
12730 5
12737 5
12740 5
12741 0
12743 5
12747 5
12748 5
12749 0
12751 4
12752 0
12755 0
12767 4
12768 4
12769 0
12773 4
12775 4
12778 5
12783 0
12789 4
12797 4
12799 4
12800 5
12803 3
12811 3
12814 4
12816 5
12818 2
12819 4
12823 3
12827 5
12830 2
12832 4
12836 5
12837 2
12842 4
12843 5
12847 5
12850 5
12858 2
12862 5
12865 0
12871 5
12874 2
12875 2
12888 5
12892 0
12893 6
12895 5
12896 0
12899 0
12901 5
12902 4
12904 5
12905 4
12906 2
12914 0
12921 2
12924 2
12931 5
12935 0
12936 2
12937 4
12938 4
12940 0
12942 2
12943 4
12945 0
12948 0
12949 5
12951 0
12953 4
12955 5
12960 0
12965 5
12966 3
12967 0
12968 4
12972 0
12975 5
12976 4
12977 4
12978 0
12979 4
12983 5
12984 4
12986 5
12988 0
12993 3
12994 0
13003 4
13005 2
13006 0
13007 3
13008 5
13010 3
13011 5
13012 0
13014 5
13015 4
13019 4
13020 0
13024 4
13032 2
13034 0
13039 2
13042 2
13043 5
13044 4
13048 3
13051 5
13054 4
13055 4
13056 0
13057 3
13059 5
13061 5
13062 5
13064 5
13065 5
13072 0
13077 2
13078 4
13081 0
13082 4
13085 0
13090 4
13092 5
13093 5
13095 5
13097 3
13098 5
13100 0
13101 5
13102 2
13111 5
13112 5
13113 5
13114 3
13116 4
13117 0
13118 5
13120 0
13121 0
13122 0
13129 4
13131 2
13132 0
13133 4
13135 0
13136 2
13137 2
13139 5
13140 0
13147 2
13148 4
13154 5
13157 3
13159 0
13163 2
13165 5
13169 0
13174 4
13176 3
13181 5
13183 0
13187 0
13189 1
13194 4
13195 5
13200 4
13201 2
13210 2
13211 0
13212 2
13213 0
13220 5
13222 0
13233 0
13234 4
13236 0
13244 0
13245 0
13255 1
13256 2
13260 5
13262 4
13263 4
13264 5
13266 4
13268 3
13270 0
13274 0
13278 4
13280 0
13283 0
13285 4
13286 4
13287 0
13290 4
13291 0
13293 0
13294 2
13305 3
13307 5
13308 4
13314 5
13315 2
13316 0
13317 4
13318 0
13319 3
13321 0
13326 5
13327 0
13328 5
13330 5
13331 0
13332 4
13334 3
13335 2
13341 4
13343 2
13346 4
13347 0
13352 5
13354 0
13355 5
13356 0
13358 5
13361 5
13363 5
13364 4
13366 4
13368 2
13372 4
13379 4
13380 3
13381 0
13382 0
13383 4
13384 0
13386 0
13387 0
13389 0
13391 3
13400 4
13401 2
13406 5
13409 4
13411 3
13414 4
13416 0
13421 3
13422 0
13423 4
13425 4
13427 5
13435 0
13439 3
13441 4
13442 5
13444 4
13446 2
13447 0
13448 5
13450 0
13453 0
13454 4
13459 0
13462 2
13464 5
13466 0
13468 4
13469 2
13473 0
13475 4
13476 5
13477 5
13480 5
13482 4
13485 0
13486 4
13489 4
13492 2
13493 2
13494 2
13497 0
13498 5
13504 2
13505 4
13507 5
13509 2
13517 0
13519 4
13520 4
13522 4
13526 3
13527 4
13528 5
13535 0
13536 3
13539 2
13543 0
13545 5
13548 2
13549 0
13553 0
13557 5
13558 0
13559 5
13560 5
13565 5
13578 3
13579 3
13583 5
13586 5
13587 5
13591 4
13592 2
13594 0
13598 0
13602 2
13603 4
13608 5
13609 5
13612 4
13619 4
13620 0
13622 4
13623 0
13625 5
13636 4
13643 2
13647 4
13649 3
13654 4
13656 5
13658 0
13659 2
13664 5
13668 4
13672 4
13676 2
13682 3
13686 2
13689 4
13696 2
13698 5
13699 0
13703 0
13704 2
13706 5
13713 5
13716 4
13717 0
13722 2
13728 2
13733 2
13738 2
13741 4
13746 4
13748 5
13750 0
13755 0
13758 0
13759 3
13760 3
13762 0
13768 5
13772 2
13774 3
13778 4
13786 4
13787 2
13789 5
13791 0
13795 0
13800 5
13810 2
13813 6
13819 2
13820 2
13821 5
13824 4
13826 2
13828 5
13830 0
13833 3
13836 5
13839 5
13840 0
13843 2
13845 2
13849 0
13855 2
13862 2
13866 5
13868 6
13869 0
13874 2
13876 3
13896 3
13900 0
13905 4
13909 5
13911 5
13913 5
13914 4
13920 4
13923 4
13924 4
13925 4
13929 5
13933 4
13935 5
13938 4
13939 5
13940 2
13942 0
13945 0
13949 0
13960 4
13961 2
13963 2
13964 0
13971 0
13972 0
13973 4
13975 0
13976 0
13982 4
13983 0
13987 5
13995 4
13997 0
13998 4
14001 0
14003 2
14008 0
14013 2
14017 2
14018 2
14020 0
14023 0
14025 2
14026 5
14028 5
14038 5
14039 5
14042 0
14044 3
14056 2
14057 2
14061 0
14062 0
14063 0
14066 0
14073 4
14075 2
14076 3
14077 4
14081 4
14083 2
14086 0
14087 0
14090 0
14091 0
14092 0
14093 4
14094 5
14096 0
14099 0
14100 4
14103 0
14108 4
14112 4
14118 0
14121 2
14125 4
14126 4
14127 0
14130 4
14132 5
14133 0
14135 0
14139 2
14141 0
14145 0
14148 0
14152 4
14153 2
14154 0
14155 2
14160 5
14166 0
14167 0
14169 4
14170 2
14173 0
14174 0
14175 0
14178 1
14179 3
14181 2
14182 5
14185 0
14188 5
14190 2
14194 4
14201 3
14202 0
14203 0
14211 2
14212 0
14213 0
14214 2
14216 3
14218 4
14219 5
14222 3
14227 4
14229 2
14234 2
14237 5
14241 4
14242 5
14244 5
14245 4
14247 2
14248 3
14249 1
14251 4
14252 4
14257 5
14258 2
14262 5
14264 4
14265 5
14268 0
14269 4
14270 4
14271 2
14273 5
14284 0
14286 2
14294 0
14295 0
14296 0
14300 0
14301 0
14310 4
14311 5
14314 5
14316 0
14317 5
14318 4
14320 5
14323 5
14325 2
14326 2
14327 0
14329 2
14335 2
14336 0
14339 0
14341 4
14342 0
14343 4
14345 4
14349 2
14350 2
14352 2
14353 2
14358 4
14361 4
14363 4
14364 0
14367 5
14369 0
14371 5
14372 0
14375 0
14377 2
14378 4
14379 0
14380 4
14386 0
14387 4
14390 0
14392 5
14394 4
14396 0
14398 4
14401 0
14403 5
14405 0
14408 0
14409 0
14410 0
14411 4
14415 0
14416 4
14417 2
14418 0
14419 3
14420 4
14426 3
14428 0
14432 4
14437 4
14441 5
14449 5
14450 2
14453 0
14457 3
14458 0
14459 5
14460 2
14465 4
14466 5
14467 4
14474 5
14477 5
14483 5
14485 0
14492 4
14499 2
14500 5
14501 4
14503 4
14506 5
14513 0
14516 5
14519 0
14522 5
14523 2
14525 4
14530 3
14531 2
14533 5
14535 5
14536 0
14537 5
14541 4
14542 0
14546 5
14547 5
14550 5
14555 5
14556 5
14557 5
14559 4
14560 4
14562 2
14563 4
14564 4
14565 5
14568 5
14570 5
14571 2
14573 3
14575 0
14576 0
14579 5
14584 5
14590 5
14595 0
14597 5
14600 4
14604 2
14605 2
14606 5
14611 4
14612 4
14619 0
14621 4
14622 3
14627 5
14634 4
14636 4
14641 0
14642 0
14643 4
14652 4
14654 4
14656 5
14659 3
14660 2
14661 4
14664 2
14672 0
14673 2
14675 4
14677 3
14679 0
14681 5
14683 0
14684 2
14685 5
14689 0
14690 5
14691 5
14692 0
14693 4
14694 0
14695 1
14696 0
14698 0
14700 4
14701 5
14702 0
14703 5
14704 4
14711 4
14713 4
14716 4
14721 0
14725 5
14726 0
14727 5
14728 4
14729 0
14730 5
14731 0
14737 5
14738 2
14739 4
14741 4
14745 2
14746 5
14747 0
14757 2
14759 0
14763 2
14764 3
14770 2
14772 0
14773 2
14778 3
14787 0
14789 0
14791 5
14793 2
14794 4
14800 4
14805 5
14808 4
14809 0
14811 5
14815 5
14817 4
14824 0
14825 5
14826 0
14830 0
14832 2
14837 5
14838 5
14841 0
14847 0
14849 4
14851 5
14852 5
14858 2
14861 2
14863 0
14864 4
14866 4
14867 2
14869 2
14871 4
14872 1
14876 2
14877 3
14885 0
14887 5
14893 2
14897 5
14898 4
14899 3
14900 5
14901 0
14907 2
14908 2
14913 0
14920 4
14921 2
14922 5
14923 5
14925 4
14928 2
14929 2
14932 4
14933 4
14937 2
14947 0
14951 5
14959 1
14961 2
14962 0
14965 4
14967 0
14968 5
14976 5
14982 2
14986 4
14988 4
14993 0
15004 5
15005 4
15007 0
15011 5
15019 4
15023 0
15026 0
15028 0
15030 0
15031 4
15032 5
15033 0
15035 5
15040 4
15053 5
15061 4
15062 4
15064 0
15066 5
15068 3
15070 3
15071 4
15079 5
15082 0
15083 5
15087 4
15089 3
15091 0
15093 4
15095 0
15100 4
15103 2
15105 4
15107 4
15109 5
15112 0
15121 5
15122 0
15125 4
15126 0
15128 2
15133 0
15134 0
15141 5
15145 4
15148 0
15149 2
15152 4
15153 4
15159 2
15166 3
15169 4
15173 4
15174 5
15175 0
15176 0
15179 0
15181 5
15182 0
15183 5
15184 4
15186 0
15187 0
15190 5
15191 0
15192 4
15196 4
15198 2
15201 2
15204 5
15207 4
15209 3
15210 2
15212 5
15214 4
15217 0
15219 4
15222 5
15228 4
15232 4
15234 4
15235 4
15239 4
15241 0
15247 4
15249 5
15251 2
15256 5
15257 4
15258 5
15260 0
15265 2
15283 0
15289 5
15290 3
15296 0
15298 0
15300 0
15306 4
15307 0
15310 5
15317 4
15318 6
15319 0
15322 5
15324 4
15325 3
15326 4
15328 0
15333 0
15338 5
15339 4
15341 4
15343 5
15344 0
15345 0
15346 3
15347 0
15351 2
15352 5
15353 5
15358 0
15361 0
15362 2
15366 3
15371 6
15375 4
15377 5
15378 0
15382 5
15383 5
15384 2
15389 5
15390 2
15391 5
15392 0
15393 0
15397 2
15398 4
15403 5
15405 3
15407 2
15408 5
15409 4
15426 5
15430 5
15431 4
15435 4
15436 0
15441 0
15442 4
15445 3
15448 4
15452 2
15453 2
15455 5
15456 0
15462 3
15465 4
15469 0
15472 4
15485 5
15486 0
15489 0
15493 2
15497 4
15499 4
15502 0
15513 3
15516 5
15517 5
15518 5
15520 4
15524 5
15529 4
15530 3
15531 2
15533 2
15534 5
15537 5
15538 2
15542 5
15543 0
15544 4
15545 0
15547 4
15548 5
15551 2
15554 2
15555 5
15556 0
15557 4
15561 2
15562 2
15563 0
15564 4
15566 0
15567 0
15568 5
15569 5
15577 3
15579 4
15580 5
15581 0
15583 4
15586 5
15587 2
15589 2
15590 4
15594 2
15596 4
15599 5
15602 2
15605 2
15608 2
15609 4
15610 2
15611 3
15613 5
15614 5
15618 5
15619 0
15620 5
15622 0
15623 5
15629 2
15631 0
15632 4
15634 5
15636 5
15637 5
15638 0
15639 5
15640 0
15641 5
15643 5
15644 5
15645 4
15647 3
15651 2
15658 5
15661 5
15667 2
15668 3
15670 2
15673 5
15678 2
15679 4
15680 5
15685 2
15688 2
15690 0
15698 0
15701 4
15705 0
15706 2
15708 5
15709 4
15712 5
15713 0
15716 0
15718 3
15723 0
15730 4
15736 1
15737 0
15740 4
15747 2
15754 4
15755 5
15756 4
15760 2
15761 2
15762 0
15763 4
15772 0
15773 2
15774 4
15780 4
15781 0
15786 2
15789 5
15791 4
15792 5
15795 0
15796 5
15799 0
15801 0
15804 0
15806 2
15807 3
15808 4
15811 4
15812 4
15820 5
15825 5
15827 4
15828 5
15829 5
15832 0
15833 5
15837 4
15842 4
15846 0
15847 0
15849 0
15856 1
15859 0
15862 4
15863 0
15864 5
15865 5
15866 3
15869 4
15870 4
15871 4
15876 0
15877 0
15878 4
15879 5
15880 0
15881 5
15885 5
15889 5
15890 0
15891 0
15895 5
15896 5
15898 4
15902 5
15903 5
15905 5
15909 4
15910 4
15913 4
15914 5
15915 4
15918 4
15922 4
15923 5
15927 0
15929 3
15931 2
15932 3
15933 5
15935 4
15937 0
15939 5
15943 0
15945 5
15948 0
15952 5
15954 5
15955 2
15962 4
15963 4
15964 5
15966 0
15974 4
15975 4
15980 5
15982 6
15984 4
15988 5
15990 0
15991 2
15992 5
15994 3
15996 3
15997 2
15999 4
16003 2
16004 0
16006 4
16007 4
16008 5
16013 0
16016 5
16018 0
16020 0
16022 0
16027 2
16028 4
16033 2
16035 5
16038 0
16039 0
16041 5
16045 0
16049 5
16052 0
16059 2
16060 5
16067 5
16069 5
16071 4
16075 4
16078 4
16080 5
16081 0
16082 0
16090 3
16091 4
16092 0
16093 0
16104 4
16105 5
16107 5
16113 5
16116 0
16120 4
16123 0
16127 0
16129 5
16131 4
16143 0
16144 5
16147 0
16148 5
16150 2
16152 2
16155 0
16161 5
16162 2
16163 0
16164 4
16166 0
16170 0
16171 2
16173 2
16176 3
16177 4
16179 0
16180 0
16184 3
16186 4
16193 0
16196 4
16198 0
16200 4
16209 0
16213 5
16214 5
16215 4
16217 5
16218 2
16219 0
16227 4
16229 2
16234 0
16238 3
16239 0
16240 2
16242 0
16243 0
16245 4
16254 0
16257 0
16258 4
16260 0
16262 0
16263 0
16265 0
16268 4
16269 3
16273 5
16274 0
16275 0
16276 3
16281 4
16282 4
16283 0
16285 5
16290 0
16295 0
16298 5
16300 2
16302 5
16304 0
16306 5
16309 5
16311 4
16313 5
16317 0
16319 0
16323 5
16325 2
16328 4
16329 5
16330 5
16332 0
16334 4
16335 2
16336 5
16342 5
16345 0
16348 2
16354 0
16355 5
16357 2
16361 0
16364 0
16366 0
16369 2
16373 5
16374 5
16375 0
16380 5
16382 2
16387 0
16398 2
16399 3
16405 0
16406 2
16407 3
16409 2
16410 0
16418 5
16422 5
16423 0
16427 0
16428 2
16429 2
16437 4
16439 4
16443 0
16447 2
16459 5
16460 5
16461 2
16462 4
16467 3
16469 0
16474 0
16476 5
16478 5
16483 4
16484 0
16487 0
16489 4
16490 0
16493 5
16498 0
16499 5
16501 4
16511 5
16514 2
16519 2
16523 0
16526 4
16528 0
16532 4
16534 0
16535 0
16536 4
16537 3
16538 5
16547 3
16548 0
16549 3
16551 4
16556 0
16558 5
16559 4
16562 4
16565 5
16567 0
16568 4
16569 5
16570 4
16571 5
16572 5
16573 0
16575 4
16576 0
16577 5
16578 5
16579 0
16580 0
16581 0
16583 2
16585 4
16586 0
16592 0
16598 5
16603 2
16606 5
16607 0
16609 0
16610 5
16611 2
16615 0
16619 0
16623 4
16626 2
16636 0
16640 0
16641 1
16644 4
16650 0
16651 5
16653 5
16654 0
16659 2
16660 5
16664 2
16667 5
16668 5
16674 5
16675 4
16676 5
16677 3
16682 0
16688 1
16692 2
16694 2
16696 4
16697 4
16698 0
16701 0
16702 5
16704 0
16706 0
16710 5
16712 0
16714 5
16716 5
16717 3
16718 5
16721 5
16723 2
16724 6
16726 4
16730 2
16732 0
16733 3
16734 5
16735 5
16736 5
16741 4
16743 0
16744 1
16746 4
16747 4
16749 5
16760 5
16765 0
16772 4
16775 0
16777 0
16778 4
16780 0
16782 3
16785 5
16786 4
16787 4
16795 2
16798 2
16801 5
16805 5
16807 5
16810 5
16812 2
16814 2
16821 2
16822 2
16824 5
16825 2
16826 2
16829 2
16830 0
16832 4
16833 0
16835 0
16839 5
16840 5
16841 4
16842 5
16844 3
16847 4
16849 2
16850 5
16853 4
16855 4
16859 5
16860 4
16862 5
16865 5
16868 4
16873 5
16875 4
16876 2
16877 4
16878 0
16879 4
16882 0
16884 2
16888 0
16890 0
16892 0
16893 2
16899 4
16900 5
16902 5
16905 0
16906 0
16912 0
16915 2
16916 4
16917 2
16919 0
16920 0
16921 0
16926 2
16930 2
16931 0
16937 2
16940 4
16941 2
16942 4
16944 2
16951 4
16952 4
16954 0
16958 4
16961 2
16975 0
16979 2
16982 5
16986 0
16987 0
16989 0
16995 4
17002 0
17003 5
17008 0
17010 0
17017 2
17019 4
17021 4
17022 2
17023 5
17030 4
17031 4
17034 2
17037 5
17038 5
17039 0
17041 4
17045 4
17047 0
17052 4
17056 5
17057 5
17060 4
17065 5
17067 0
17069 4
17070 5
17072 4
17073 5
17077 4
17078 4
17080 4
17084 2
17087 5
17089 5
17091 5
17093 0
17105 0
17111 2
17112 4
17116 2
17119 3
17122 3
17124 2
17126 0
17130 0
17134 4
17135 5
17136 0
17138 0
17140 4
17145 2
17147 0
17149 5
17150 5
17151 0
17153 5
17154 5
17155 5
17157 0
17159 4
17160 4
17161 0
17166 5
17167 3
17170 0
17171 2
17173 0
17174 4
17175 0
17178 5
17179 5
17180 5
17182 2
17184 5
17191 5
17194 2
17198 0
17201 4
17202 2
17203 0
17208 5
17210 4
17211 4
17213 2
17214 3
17215 4
17218 0
17219 0
17222 2
17225 4
17231 0
17237 0
17241 4
17243 4
17244 4
17246 5
17252 3
17256 3
17258 0
17260 0
17263 0
17268 5
17270 3
17281 0
17282 5
17288 5
17290 5
17291 4
17292 4
17296 3
17297 2
17301 2
17302 2
17307 4
17308 5
17309 2
17312 5
17315 5
17317 4
17319 5
17325 2
17328 0
17329 0
17330 0
17333 0
17335 0
17338 3
17340 0
17344 5
17346 0
17352 3
17357 2
17360 5
17362 5
17363 5
17366 4
17367 5
17370 4
17372 0
17381 0
17383 0
17385 5
17390 5
17396 3
17397 4
17401 4
17403 4
17408 2
17410 5
17411 0
17412 4
17418 3
17419 5
17420 1
17429 4
17430 4
17442 5
17445 4
17451 2
17452 2
17453 5
17459 0
17462 0
17463 4
17466 5
17467 0
17469 0
17475 4
17477 5
17480 0
17488 0
17492 4
17496 5
17498 3
17499 5
17501 5
17502 4
17503 2
17504 2
17505 4
17506 0
17507 5
17511 5
17513 0
17514 0
17515 2
17516 2
17517 4
17519 4
17520 2
17523 0
17525 0
17527 5
17530 0
17531 4
17533 0
17538 0
17539 4
17541 3
17542 4
17544 2
17545 0
17546 4
17553 4
17561 5
17563 0
17564 2
17566 0
17571 4
17572 0
17580 0
17581 0
17582 5
17584 0
17588 5
17594 0
17597 4
17601 4
17605 5
17606 0
17607 5
17608 0
17611 5
17617 4
17619 4
17620 2
17622 5
17625 0
17626 5
17628 5
17632 2
17636 0
17638 4
17641 2
17642 4
17645 5
17647 5
17649 0
17651 5
17657 5
17658 4
17659 4
17660 0
17664 4
17665 2
17667 5
17669 0
17672 0
17674 2
17683 4
17687 4
17691 4
17693 5
17694 0
17702 3
17705 4
17711 0
17712 4
17720 3
17723 2
17726 2
17731 0
17733 3
17737 2
17739 5
17743 5
17745 5
17748 2
17755 0
17759 3
17761 2
17762 4
17763 5
17766 0
17768 0
17769 2
17784 2
17788 5
17789 3
17791 2
17792 5
17794 4
17800 4
17802 3
17804 6
17806 0
17809 0
17810 4
17811 5
17814 4
17815 5
17820 0
17827 0
17828 5
17830 0
17833 5
17837 0
17838 0
17844 0
17845 0
17846 1
17857 0
17858 4
17861 5
17866 0
17867 4
17870 5
17871 2
17873 4
17879 0
17880 0
17882 4
17883 5
17884 4
17885 4
17886 4
17889 4
17890 0
17891 2
17892 5
17893 3
17894 4
17897 4
17899 4
17901 0
17902 2
17903 0
17905 0
17907 4
17910 4
17911 5
17913 0
17914 5
17916 4
17919 5
17923 0
17924 2
17925 5
17926 5
17930 5
17931 5
17933 0
17935 2
17937 4
17942 3
17946 3
17947 5
17956 0
17957 0
17960 0
17963 0
17973 5
17974 0
17977 4
17982 0
17984 0
17985 3
17986 4
17988 4
17989 5
17995 0
17997 2
17998 4
18003 2
18007 4
18009 5
18011 4
18013 5
18015 2
18016 4
18017 4
18024 4
18027 0
18029 2
18036 5
18037 0
18038 0
18040 0
18041 0
18046 0
18048 0
18049 3
18050 0
18051 0
18052 2
18057 2
18058 5
18062 0
18073 0
18076 0
18081 5
18088 0
18091 0
18092 2
18094 3
18095 4
18096 0
18098 5
18102 0
18104 4
18105 5
18106 0
18110 5
18114 0
18117 0
18118 4
18119 3
18122 2
18130 2
18134 0
18135 0
18142 5
18145 4
18146 5
18147 5
18156 2
18161 0
18162 0
18165 3
18170 4
18172 5
18173 4
18176 2
18185 3
18187 3
18188 1
18189 4
18191 0
18192 4
18193 4
18196 0
18199 3
18200 2
18202 4
18203 3
18212 4
18220 5
18221 0
18228 4
18233 4
18234 0
18235 5
18236 0
18239 4
18240 4
18241 0
18242 2
18245 0
18247 2
18250 5
18252 4
18253 5
18256 5
18259 0
18260 0
18263 2
18265 5
18267 0
18268 0
18271 4
18272 2
18276 5
18277 0
18278 5
18279 4
18283 0
18286 0
18294 4
18295 5
18298 4
18302 2
18307 0
18308 2
18309 4
18313 2
18314 5
18315 0
18316 0
18317 2
18319 5
18323 5
18326 0
18332 5
18336 2
18341 0
18343 2
18346 4
18347 2
18350 0
18351 3
18352 3
18366 0
18371 5
18372 0
18373 0
18374 3
18375 0
18377 4
18380 2
18386 3
18387 5
18391 5
18394 2
18396 4
18397 5
18400 5
18401 5
18402 4
18404 2
18407 0
18409 4
18412 5
18414 2
18418 2
18424 5
18426 2
18427 4
18428 0
18430 5
18433 4
18436 4
18441 0
18445 4
18446 2
18447 3
18451 4
18453 4
18455 0
18456 5
18464 4
18465 3
18471 0
18474 4
18476 2
18477 4
18478 3
18481 0
18484 4
18488 3
18489 4
18493 2
18495 5
18499 2
18500 3
18502 5
18503 2
18505 5
18517 0
18518 2
18519 0
18520 0
18521 4
18523 0
18527 0
18528 2
18529 3
18533 2
18536 0
18537 0
18538 0
18539 4
18541 4
18552 2
18555 4
18560 0
18561 2
18564 4
18569 2
18570 0
18572 2
18576 2
18580 5
18581 4
18586 2
18588 2
18590 0
18602 2
18606 2
18607 5
18609 3
18612 0
18613 5
18614 2
18616 0
18620 2
18622 0
18623 2
18624 2
18627 4
18632 2
18643 4
18648 5
18649 2
18655 0
18656 4
18663 4
18666 5
18668 2
18672 2
18681 0
18683 4
18684 5
18688 2
18690 4
18694 5
18699 5
18700 0
18705 5
18706 0
18709 0
18710 0
18713 2
18714 3
18716 4
18724 5
18725 4
18726 0
18727 5
18730 0
18734 2
18740 2
18743 2
18752 0
18755 3
18758 5
18759 2
18762 5
18764 4
18765 0
18774 5
18780 5
18783 4
18784 3
18790 5
18792 5
18795 5
18800 4
18804 5
18805 3
18807 0
18809 4
18811 2
18813 0
18816 5
18818 0
18821 2
18822 2
18825 0
18828 0
18829 0
18832 5
18833 5
18835 0
18838 5
18839 4
18843 0
18844 5
18847 4
18848 4
18852 4
18858 4
18861 2
18862 0
18867 0
18872 2
18873 4
18875 0
18889 2
18890 5
18891 0
18893 4
18896 0
18900 2
18902 5
18905 4
18908 4
18910 4
18911 4
18913 2
18922 5
18923 5
18924 0
18927 4
18929 5
18932 4
18943 5
18944 4
18947 3
18948 0
18950 4
18951 3
18953 0
18955 0
18959 4
18961 0
18962 3
18967 5
18969 3
18979 2
18982 3
18984 2
18989 4
18991 0
18995 4
18997 0
19000 4
19001 5
19002 0
19003 4
19004 5
19005 3
19008 5
19015 2
19026 4
19029 0
19034 5
19038 0
19039 5
19046 0
19047 5
19051 0
19053 2
19055 4
19061 0
19063 5
19065 4
19066 4
19067 4
19076 0
19077 4
19079 3
19083 4
19084 0
19088 0
19090 2
19091 5
19092 4
19095 0
19097 4
19099 5
19100 2
19101 5
19105 5
19106 2
19115 0
19118 2
19120 4
19126 3
19128 4
19129 0
19134 5
19136 3
19138 4
19139 2
19140 2
19142 4
19145 0
19146 1
19148 5
19152 4
19155 0
19157 0
19160 0
19162 0
19165 0
19166 0
19169 5
19179 2
19180 0
19181 0
19183 4
19185 3
19191 3
19192 0
19194 0
19199 3
19200 2
19202 5
19203 5
19204 2
19207 0
19211 2
19212 0
19213 2
19215 3
19218 0
19219 5
19225 3
19229 5
19230 0
19233 3
19235 4
19237 0
19238 2
19239 5
19245 4
19248 0
19250 2
19251 2
19255 2
19257 2
19258 0
19261 4
19265 4
19269 2
19272 4
19275 4
19276 5
19277 4
19279 0
19280 0
19282 2
19292 2
19295 2
19296 0
19302 4
19305 2
19313 4
19316 4
19317 4
19320 4
19329 4
19330 4
19335 3
19336 0
19340 2
19341 4
19343 1
19350 0
19352 4
19353 0
19357 5
19358 5
19361 2
19363 5
19368 0
19372 5
19375 4
19376 4
19378 4
19379 0
19380 0
19384 4
19386 5
19389 2
19390 0
19396 2
19398 4
19399 0
19400 3
19403 5
19405 0
19413 2
19420 3
19423 4
19427 0
19432 2
19434 5
19435 5
19441 0
19445 0
19446 2
19447 3
19448 4
19449 5
19451 2
19453 2
19462 4
19464 5
19465 2
19467 2
19469 5
19470 4
19471 5
19474 2
19480 3
19481 5
19483 2
19484 0
19485 5
19486 4
19487 1
19491 5
19494 5
19496 5
19499 2
19501 5
19504 5
19506 0
19513 2
19519 2
19521 5
19526 0
19533 5
19534 0
19538 2
19546 5
19551 4
19554 5
19557 3
19558 5
19561 0
19562 1
19564 0
19566 0
19567 4
19575 2
19580 2
19584 4
19587 5
19588 5
19591 4
19594 5
19596 0
19597 5
19601 0
19606 0
19610 0
19611 3
19612 0
19614 0
19616 0
19617 4
19625 4
19626 5
19627 4
19628 0
19630 3
19632 3
19642 5
19643 0
19644 0
19647 4
19649 0
19651 0
19653 2
19656 4
19662 2
19663 2
19668 4
19671 5
19672 2
19673 5
19676 2
19677 0
19679 2
19681 2
19682 0
19683 0
19685 0
19686 2
19692 0
19694 5
19696 0
19699 0
19700 5
19702 2
19703 0
19705 0
19708 1
19713 2
19715 5
19717 4
19718 4
19719 4
19723 6
19725 4
19727 4
19730 0
19731 4
19733 2
19734 5
19736 4
19737 4
19741 0
19744 5
19745 5
19746 4
19747 5
19748 4
19750 4
19754 4
19764 5
19765 0
19767 0
19772 5
19773 5
19774 2
19777 5
19779 4
19783 5
19786 0
19790 0
19796 4
19800 2
19801 5
19802 4
19804 5
19808 3
19810 2
19811 4
19812 3
19814 2
19821 3
19822 0
19823 2
19825 0
19826 2
19827 4
19830 4
19833 4
19835 5
19837 0
19843 0
19845 4
19849 5
19850 0
19851 3
19852 0
19853 2
19854 5
19859 4
19861 0
19863 4
19864 5
19865 0
19871 4
19872 5
19877 4
19884 0
19888 0
19890 5
19893 0
19896 4
19902 4
19910 0
19921 5
19922 0
19924 5
19926 0
19929 2
19934 2
19935 0
19938 0
19943 5
19947 5
19951 0
19954 0
19960 4
19963 0
19965 5
19966 0
19968 2
19969 5
19977 2
19982 0
19983 0
19985 5
19987 2
19995 0
19998 5
20000 0
20001 0
20002 5
20003 0
20004 0
20007 2
20010 4
20015 5
20017 0
20019 5
20023 0
20024 0
20026 4
20029 0
20033 4
20034 4
20035 5
20043 2
20047 4
20048 0
20051 0
20053 0
20064 0
20065 5
20067 4
20069 2
20070 3
20072 0
20081 5
20087 4
20090 4
20091 0
20093 5
20096 4
20097 5
20098 4
20101 5
20102 5
20104 0
20106 4
20108 2
20112 2
20114 4
20116 4
20118 4
20124 2
20125 0
20126 4
20129 3
20132 4
20137 3
20138 4
20139 3
20147 5
20151 5
20154 4
20158 0
20160 1
20162 0
20163 4
20165 4
20171 2
20172 0
20174 0
20175 5
20182 3
20190 0
20194 0
20196 5
20198 4
20199 5
20201 5
20203 4
20205 0
20208 2
20215 0
20216 4
20217 0
20218 0
20220 5
20222 3
20227 2
20232 0
20234 2
20235 2
20237 4
20241 0
20243 0
20245 4
20247 5
20248 4
20250 4
20252 0
20253 0
20254 5
20257 2
20258 0
20262 2
20263 4
20264 0
20265 0
20268 0
20272 0
20276 5
20284 0
20289 0
20294 2
20300 5
20302 5
20305 2
20306 2
20307 2
20311 5
20317 5
20318 3
20321 5
20322 5
20327 5
20329 2
20330 0
20332 5
20333 0
20338 5
20345 4
20348 5
20349 3
20351 2
20354 4
20355 5
20359 4
20360 2
20361 3
20363 2
20365 5
20368 0
20369 5
20371 2
20375 0
20376 5
20378 4
20379 0
20383 5
20393 0
20394 0
20398 4
20400 2
20402 0
20403 5
20406 3
20407 5
20413 2
20414 4
20415 0
20416 4
20423 2
20424 2
20426 4
20432 2
20433 4
20437 4
20443 5
20444 4
20448 0
20449 5
20450 3
20452 0
20455 4
20459 2
20462 0
20463 2
20467 5
20470 5
20471 5
20473 0
20480 0
20482 4
20485 0
20487 5
20488 0
20489 5
20491 4
20493 2
20498 0
20499 3
20501 0
20505 0
20509 4
20514 0
20518 4
20519 2
20522 2
20524 5
20527 0
20530 5
20536 4
20538 0
20539 0
20540 0
20542 0
20553 5
20554 0
20555 4
20564 4
20570 5
20571 0
20574 4
20582 0
20583 0
20586 4
20587 0
20591 0
20593 4
20596 3
20598 5
20601 5
20603 2
20606 5
20608 3
20610 5
20611 0
20613 0
20614 0
20615 2
20616 2
20621 0
20622 0
20623 0
20625 2
20627 3
20628 1
20632 5
20633 0
20634 5
20636 4
20645 5
20648 0
20649 2
20650 5
20654 4
20658 5
20660 0
20661 0
20663 2
20665 4
20667 5
20669 4
20670 0
20675 1
20676 5
20680 0
20682 0
20685 2
20688 4
20691 5
20693 4
20694 4
20695 4
20696 5
20698 4
20701 5
20711 2
20719 0
20723 5
20724 5
20727 0
20731 5
20732 5
20734 3
20736 2
20737 0
20741 5
20742 5
20745 5
20746 2
20749 0
20751 2
20752 0
20755 5
20757 5
20761 2
20765 5
20767 2
20768 2
20769 5
20771 0
20773 5
20781 5
20782 0
20790 3
20791 2
20796 2
20802 0
20805 0
20808 0
20809 0
20811 2
20815 0
20816 2
20817 5
20824 4
20829 3
20837 4
20842 5
20844 4
20847 2
20850 4
20853 5
20854 0
20863 4
20864 4
20872 0
20875 5
20877 2
20880 4
20881 2
20882 2
20889 2
20892 3
20894 0
20896 2
20899 5
20901 4
20903 0
20909 4
20914 5
20916 2
20917 5
20918 5
20920 3
20921 4
20923 4
20930 0
20931 5
20933 1
20937 5
20950 4
20952 0
20955 0
20962 0
20963 5
20964 2
20965 2
20966 2
20968 5
20970 0
20972 2
20974 2
20975 2
20978 1
20980 5
20982 0
20985 0
20989 2
20990 4
20993 4
20995 0
20998 4
21002 4
21004 4
21007 5
21009 4
21010 5
21013 0
21014 2
21016 0
21023 2
21025 3
21026 3
21028 5
21030 0
21032 3
21036 0
21038 4
21042 5
21051 4
21053 5
21055 5
21056 5
21057 4
21061 2
21063 2
21065 2
21066 2
21067 2
21069 5
21070 2
21074 5
21075 5
21078 4
21079 2
21082 4
21083 0
21085 5
21093 4
21094 4
21097 4
21098 4
21106 5
21115 5
21116 2
21117 0
21121 5
21122 4
21123 4
21128 0
21130 5
21134 4
21145 5
21154 5
21157 0
21160 0
21162 0
21168 2
21175 4
21177 0
21180 5
21181 5
21183 0
21185 4
21188 4
21193 3
21195 0
21196 5
21199 0
21200 0
21201 0
21202 0
21203 0
21205 5
21206 0
21208 0
21211 2
21213 3
21215 5
21220 4
21222 4
21225 0
21226 1
21228 0
21232 0
21233 5
21237 2
21240 0
21246 6
21247 0
21249 0
21253 3
21257 2
21259 3
21265 0
21271 0
21277 0
21283 5
21285 0
21286 5
21287 5
21297 4
21303 5
21311 5
21315 2
21318 2
21322 5
21323 5
21333 2
21334 5
21339 5
21341 1
21342 5
21346 5
21348 0
21352 0
21355 1
21363 3
21367 5
21371 2
21375 4
21381 5
21382 0
21383 2
21393 2
21397 5
21399 0
21401 5
21402 5
21404 0
21407 5
21411 2
21414 2
21417 5
21425 5
21430 2
21431 0
21434 2
21436 2
21437 2
21439 2
21442 0
21447 0
21454 2
21456 0
21457 2
21458 0
21459 0
21463 5
21464 5
21470 3
21471 0
21472 5
21474 0
21476 0
21477 3
21480 4
21486 4
21487 0
21489 0
21490 0
21496 5
21499 2
21500 4
21501 5
21507 4
21517 4
21520 3
21521 4
21524 3
21525 3
21527 5
21533 2
21534 1
21535 0
21537 2
21539 4
21542 0
21548 2
21549 2
21556 2
21560 0
21561 0
21562 4
21568 0
21570 0
21575 4
21576 1
21577 5
21579 4
21586 0
21587 5
21590 5
21592 5
21596 5
21608 5
21609 4
21611 0
21614 5
21617 6
21618 0
21623 5
21624 5
21625 5
21628 2
21631 5
21638 4
21640 0
21641 2
21646 0
21655 4
21656 4
21664 4
21667 5
21672 4
21679 2
21681 5
21682 4
21683 4
21686 0
21690 4
21691 4
21692 0
21696 2
21704 5
21705 4
21708 4
21709 3
21713 2
21714 0
21716 2
21718 0
21722 2
21723 0
21725 4
21728 3
21729 3
21738 2
21740 0
21744 0
21746 2
21748 5
21752 5
21753 0
21754 5
21755 5
21758 2
21761 2
21763 5
21771 4
21777 0
21781 5
21789 4
21793 5
21794 4
21795 5
21797 4
21800 5
21802 0
21804 0
21806 5
21811 0
21814 0
21816 4
21819 4
21820 5
21826 0
21829 4
21830 0
21831 4
21836 5
21838 5
21839 2
21843 2
21844 0
21845 5
21848 3
21852 2
21854 5
21859 0
21861 2
21866 0
21868 4
21872 2
21876 4
21880 0
21886 5
21887 5
21889 5
21891 5
21895 5
21896 5
21899 2
21903 0
21904 4
21905 0
21911 5
21917 2
21920 0
21921 0
21924 5
21928 2
21934 2
21935 0
21940 4
21941 0
21945 2
21947 4
21948 5
21949 5
21951 0
21953 4
21954 2
21956 2
21960 0
21963 0
21968 3
21969 0
21976 4
21977 2
21978 2
21982 4
21984 0
21987 5
21988 3
21993 4
21995 4
22000 3
22006 0
22008 0
22015 5
22018 2
22019 5
22020 0
22022 0
22023 0
22024 0
22026 0
22027 5
22031 0
22035 4
22037 0
22038 5
22041 0
22052 4
22054 0
22055 2
22056 4
22057 4
22062 4
22063 5
22064 2
22068 5
22069 5
22077 5
22079 0
22080 2
22081 5
22082 2
22084 0
22087 5
22089 5
22090 4
22094 4
22105 4
22107 0
22108 3
22109 4
22110 0
22111 0
22117 4
22124 5
22131 3
22134 0
22136 3
22137 2
22139 2
22141 0
22143 3
22144 0
22148 0
22152 5
22154 4
22158 0
22162 0
22164 5
22165 2
22166 3
22170 4
22172 0
22173 5
22174 0
22176 0
22177 0
22182 0
22183 4
22187 5
22188 5
22193 4
22195 4
22197 0
22198 0
22204 4
22206 3
22208 4
22210 5
22211 3
22212 2
22213 0
22214 0
22219 4
22220 3
22228 4
22231 0
22232 4
22236 4
22237 2
22241 5
22242 3
22243 0
22244 0
22245 0
22248 4
22250 5
22252 5
22253 4
22256 0
22257 5
22258 0
22264 3
22269 5
22275 0
22281 2
22285 0
22288 0
22289 0
22290 2
22291 2
22297 5
22302 5
22305 5
22307 5
22311 5
22314 5
22318 0
22324 3
22325 5
22327 0
22329 2
22336 0
22337 5
22341 5
22344 5
22345 2
22348 3
22352 2
22358 0
22359 3
22364 2
22368 0
22371 5
22373 5
22374 2
22375 2
22377 0
22382 5
22387 5
22389 5
22391 0
22394 4
22396 2
22397 0
22398 2
22401 5
22402 4
22404 0
22415 2
22418 5
22425 0
22428 0
22429 4
22430 5
22431 5
22433 5
22434 0
22437 4
22439 5
22440 0
22442 4
22443 5
22447 0
22455 0
22457 0
22465 2
22472 2
22473 4
22474 2
22475 0
22476 5
22481 4
22485 5
22489 0
22492 5
22493 2
22494 0
22495 5
22507 0
22509 2
22512 5
22514 2
22517 0
22521 0
22526 4
22529 3
22535 0
22536 5
22537 0
22539 2
22542 3
22551 4
22553 0
22554 0
22556 5
22563 2
22564 2
22566 2
22567 3
22568 5
22571 0
22572 0
22576 5
22579 4
22583 1
22585 3
22586 2
22589 0
22591 3
22594 0
22595 5
22596 2
22599 0
22601 2
22602 4
22603 2
22608 0
22609 0
22612 4
22613 5
22616 0
22617 0
22618 5
22619 2
22622 3
22625 4
22626 5
22630 0
22633 2
22635 0
22640 0
22641 2
22648 0
22650 5
22652 5
22653 3
22654 4
22655 5
22658 0
22660 4
22667 0
22669 4
22674 6
22676 5
22685 4
22686 4
22688 5
22690 4
22696 0
22700 4
22702 0
22703 0
22704 0
22705 5
22707 0
22709 0
22710 4
22712 0
22713 0
22714 4
22716 3
22720 5
22722 0
22725 5
22726 2
22727 2
22728 5
22730 5
22738 0
22739 5
22741 6
22747 4
22748 2
22750 5
22760 0
22761 4
22762 0
22768 5
22770 0
22771 0
22772 3
22776 5
22777 0
22779 4
22781 2
22783 5
22791 4
22797 0
22798 0
22799 0
22801 0
22803 0
22804 5
22805 5
22809 5
22812 5
22813 5
22814 3
22816 0
22819 0
22820 4
22822 5
22825 5
22826 4
22831 2
22832 0
22834 2
22835 4
22836 2
22839 2
22844 2
22845 2
22846 5
22849 2
22854 2
22857 0
22859 5
22863 4
22865 4
22867 3
22871 2
22874 6
22876 2
22878 4
22880 4
22882 5
22884 5
22885 0
22886 2
22889 3
22890 4
22891 0
22895 2
22896 5
22897 5
22898 4
22906 2
22910 0
22916 5
22920 4
22921 3
22922 3
22925 5
22926 4
22930 0
22931 3
22932 0
22933 0
22943 0
22944 3
22946 4
22951 2
22954 0
22958 3
22959 2
22961 0
22962 4
22964 4
22965 0
22968 5
22983 4
22986 0
22989 4
22994 3
22999 0
23000 2
23001 5
23002 4
23004 5
23011 0
23016 4
23019 2
23026 2
23029 2
23030 3
23031 4
23033 2
23035 0
23037 0
23041 4
23042 4
23047 0
23053 2
23054 2
23058 0
23062 2
23064 5
23073 2
23074 0
23079 2
23080 4
23085 0
23086 4
23088 0
23090 4
23093 0
23094 5
23097 4
23102 0
23105 2
23106 0
23109 4
23114 5
23116 2
23119 5
23121 4
23124 2
23126 5
23129 2
23130 5
23133 5
23134 5
23135 4
23144 4
23146 3
23151 0
23152 0
23157 2
23158 4
23159 2
23160 5
23161 3
23164 0
23171 4
23176 2
23183 2
23184 2
23186 4
23187 5
23188 5
23194 2
23198 0
23200 0
23206 5
23209 0
23213 2
23218 4
23221 3
23222 3
23225 4
23227 0
23235 5
23243 2
23252 0
23261 2
23266 0
23267 3
23269 5
23270 5
23276 2
23277 4
23279 5
23281 3
23283 4
23285 4
23286 0
23287 2
23296 4
23297 0
23298 2
23299 5
23301 2
23303 5
23307 2
23309 0
23310 2
23311 0
23317 0
23318 2
23319 4
23321 2
23330 5
23332 5
23334 5
23337 5
23338 4
23339 5
23341 5
23343 4
23347 0
23352 5
23354 5
23360 4
23362 0
23365 5
23366 5
23367 0
23370 0
23372 2
23373 3
23375 2
23376 2
23377 5
23378 4
23379 2
23382 5
23384 4
23392 2
23397 5
23399 2
23400 2
23403 5
23405 2
23406 5
23408 4
23414 2
23416 0
23423 0
23430 4
23432 5
23433 4
23434 0
23435 3
23438 0
23441 0
23445 0
23448 0
23452 2
23454 5
23455 4
23456 0
23458 2
23464 4
23470 0
23482 3
23485 2
23487 0
23495 4
23497 2
23498 5
23501 0
23503 4
23508 5
23511 5
23513 3
23518 2
23521 5
23523 2
23524 5
23525 2
23526 0
23532 0
23534 2
23536 0
23538 0
23542 5
23544 4
23546 0
23550 4
23555 0
23563 0
23567 0
23568 4
23570 0
23571 2
23573 5
23574 4
23579 2
23580 5
23581 5
23582 5
23584 5
23585 0
23587 4
23591 4
23594 5
23596 4
23597 0
23598 4
23602 4
23604 3
23607 5
23608 2
23613 4
23627 0
23630 4
23633 2
23638 5
23639 5
23643 4
23646 0
23664 5
23665 5
23667 4
23668 0
23671 5
23676 5
23678 5
23679 0
23681 3
23683 5
23684 2
23685 3
23686 4
23696 4
23697 2
23698 2
23702 3
23705 2
23706 3
23707 4
23711 5
23712 5
23713 5
23715 4
23718 0
23727 5
23730 3
23732 5
23733 0
23734 5
23735 0
23737 2
23738 5
23742 2
23743 4
23745 0
23748 0
23749 5
23751 0
23755 5
23758 0
23763 0
23764 4
23767 4
23770 4
23774 4
23777 0
23778 5
23782 2
23783 4
23784 3
23787 4
23792 2
23799 0
23800 5
23801 0
23803 0
23806 2
23810 5
23814 4
23817 0
23819 0
23822 5
23823 5
23826 3
23829 5
23840 0
23843 4
23845 4
23853 2
23858 0
23859 0
23867 4
23868 0
23869 3
23871 4
23874 4
23875 0
23877 4
23878 5
23884 5
23887 0
23896 0
23897 5
23898 4
23900 3
23901 3
23909 0
23914 4
23919 0
23920 5
23925 5
23926 4
23928 2
23931 3
23932 4
23934 5
23935 0
23936 2
23938 2
23940 5
23943 5
23948 2
23950 5
23952 5
23954 3
23958 0
23966 4
23971 0
23972 2
23977 4
23986 4
23987 5
23991 5
23992 4
23998 2
23999 0
24000 2
24004 5
24007 0
24008 0
24010 4
24012 4
24014 2
24016 0
24018 0
24027 0
24028 5
24029 0
24033 0
24041 2
24043 2
24045 5
24046 4
24050 5
24052 5
24053 0
24056 2
24061 4
24063 0
24067 0
24069 4
24070 5
24071 5
24072 4
24073 5
24074 5
24080 5
24084 4
24085 2
24086 4
24087 0
24088 4
24091 2
24094 0
24101 2
24103 0
24108 4
24110 2
24114 2
24116 0
24120 5
24122 4
24123 4
24124 5
24125 5
24131 4
24134 2
24137 2
24138 5
24140 5
24146 2
24147 2
24149 4
24153 0
24154 5
24157 2
24160 0
24170 0
24175 5
24176 4
24180 5
24184 2
24188 0
24189 4
24191 5
24197 2
24199 0
24205 3
24208 5
24217 5
24218 5
24224 2
24225 2
24231 0
24233 5
24236 0
24244 2
24253 5
24261 5
24264 4
24265 2
24266 4
24268 2
24273 3
24285 4
24288 2
24289 3
24290 5
24291 2
24299 0
24300 0
24305 0
24307 4
24310 5
24313 2
24317 0
24320 2
24321 0
24323 0
24324 0
24325 5
24327 5
24328 5
24330 3
24336 5
24339 3
24342 2
24343 2
24347 2
24349 0
24352 4
24356 2
24357 5
24358 5
24359 4
24360 5
24364 4
24366 2
24367 2
24369 2
24372 4
24373 2
24375 4
24376 0
24377 0
24382 4
24384 2
24388 2
24396 4
24397 4
24398 0
24400 5
24401 2
24402 5
24404 4
24406 0
24408 2
24409 5
24412 0
24413 0
24414 0
24417 5
24419 2
24422 2
24423 2
24429 0
24432 3
24434 5
24435 0
24439 2
24442 2
24445 2
24446 4
24451 0
24454 4
24459 2
24461 5
24464 3
24465 0
24469 5
24471 2
24472 0
24473 0
24474 0
24476 0
24477 5
24478 4
24479 0
24480 0
24484 2
24486 0
24488 5
24495 0
24502 0
24503 5
24505 0
24507 0
24509 4
24510 4
24516 2
24521 5
24522 0
24523 2
24524 5
24527 2
24528 2
24529 5
24532 0
24533 0
24534 4
24537 0
24539 4
24540 0
24541 0
24549 0
24551 0
24556 1
24557 4
24560 4
24561 5
24564 5
24566 0
24568 2
24571 0
24577 0
24580 0
24581 2
24582 5
24584 4
24586 2
24587 0
24589 0
24592 0
24594 2
24598 5
24599 3
24601 0
24603 4
24606 5
24607 5
24608 5
24610 0
24611 4
24612 5
24614 0
24615 5
24617 2
24620 5
24622 3
24625 0
24628 3
24635 4
24637 4
24638 5
24640 4
24641 4
24642 5
24643 4
24644 4
24646 5
24647 0
24649 4
24650 5
24658 3
24659 5
24661 5
24663 3
24667 0
24669 0
24670 5
24672 0
24673 4
24677 5
24678 4
24680 0
24681 2
24685 2
24687 2
24689 5
24690 0
24692 4
24695 2
24696 3
24698 2
24700 2
24705 4
24717 5
24722 5
24726 2
24727 5
24728 4
24732 0
24733 5
24738 3
24739 5
24740 2
24741 0
24747 5
24749 2
24750 4
24753 5
24754 2
24756 2
24759 4
24760 2
24761 2
24762 4
24763 0
24764 5
24765 4
24766 5
24769 5
24770 0
24771 2
24779 0
24780 5
24781 4
24784 5
24787 5
24796 2
24798 4
24803 5
24805 0
24806 0
24808 6
24810 0
24814 0
24815 4
24817 2
24822 2
24824 0
24826 5
24827 0
24828 2
24830 0
24831 2
24832 4
24833 0
24837 5
24838 2
24840 5
24844 4
24846 5
24848 2
24849 3
24852 0
24853 0
24858 5
24868 0
24871 2
24872 2
24874 0
24875 4
24876 5
24882 2
24886 0
24887 4
24888 5
24889 0
24891 3
24895 5
24901 4
24902 2
24905 0
24908 4
24911 3
24912 5
24913 5
24916 4
24919 2
24921 0
24922 2
24923 2
24925 4
24927 2
24928 2
24929 2
24930 2
24932 4
24933 4
24940 5
24941 4
24942 0
24943 0
24944 4
24948 3
24951 4
24953 4
24954 5
24960 2
24966 5
24971 2
24974 2
24975 2
24985 5
24989 0
24993 5
24995 5
24997 2
25003 2
25007 3
25008 5
25013 0
25019 3
25021 2
25022 0
25024 5
25025 3
25027 0
25031 4
25034 4
25035 5
25040 0
25041 0
25043 2
25048 2
25049 5
25050 4
25053 0
25054 4
25055 0
25058 5
25059 0
25060 5
25063 4
25066 5
25070 4
25071 0
25075 5
25076 2
25077 0
25078 3
25079 2
25082 2
25088 0
25089 4
25092 5
25093 0
25096 5
25097 3
25098 0
25099 2
25100 4
25103 2
25104 4
25105 4
25106 5
25107 2
25109 0
25114 2
25115 5
25117 0
25119 5
25123 0
25125 0
25129 5
25132 5
25133 4
25134 4
25138 0
25143 4
25148 2
25150 0
25156 4
25157 0
25158 0
25160 3
25165 4
25170 0
25175 5
25179 2
25180 0
25183 4
25184 0
25185 2
25188 0
25189 2
25190 5
25192 2
25193 5
25194 4
25195 5
25199 4
25200 2
25202 0
25203 2
25210 4
25212 4
25213 5
25214 2
25219 5
25227 2
25229 0
25230 5
25231 5
25237 4
25238 0
25243 5
25244 0
25248 0
25249 0
25250 0
25251 5
25254 2
25256 0
25258 2
25260 0
25261 5
25269 4
25270 2
25275 0
25278 6
25279 3
25282 0
25283 5
25284 5
25286 2
25290 0
25291 4
25295 3
25296 0
25301 2
25302 5
25303 0
25306 4
25309 0
25310 4
25311 5
25312 5
25313 5
25315 0
25323 4
25326 0
25328 0
25331 4
25334 0
25335 4
25336 0
25337 3
25340 6
25345 2
25350 4
25352 5
25354 2
25359 2
25360 2
25363 4
25366 5
25367 0
25374 0
25383 2
25385 2
25386 2
25391 4
25392 5
25393 0
25401 0
25402 2
25403 4
25404 5
25412 0
25417 4
25421 4
25422 5
25426 0
25431 0
25433 2
25434 0
25435 5
25436 4
25439 2
25441 5
25445 2
25449 0
25450 0
25451 3
25452 2
25454 5
25455 3
25456 5
25459 2
25461 0
25462 4
25464 0
25469 3
25470 5
25472 4
25473 2
25477 2
25478 4
25480 4
25482 2
25487 0
25488 5
25489 2
25490 2
25491 4
25494 0
25499 4
25500 5
25502 0
25503 5
25505 0
25506 0
25507 0
25510 4
25512 2
25520 4
25523 2
25524 2
25526 5
25527 5
25531 5
25533 4
25536 5
25537 0
25540 4
25544 5
25546 5
25549 3
25553 2
25554 2
25555 2
25556 0
25558 0
25562 5
25563 0
25564 5
25565 2
25568 1
25573 4
25574 5
25578 5
25580 2
25582 5
25586 3
25590 5
25594 5
25596 5
25597 0
25600 3
25601 5
25603 0
25604 0
25605 5
25606 2
25609 5
25610 2
25613 0
25616 4
25617 0
25618 5
25620 5
25624 4
25626 5
25628 0
25635 2
25636 1
25637 5
25644 0
25650 0
25652 0
25655 5
25663 0
25664 5
25670 5
25671 2
25672 0
25673 5
25674 5
25678 0
25681 5
25683 4
25684 2
25686 5
25690 1
25691 4
25694 0
25695 5
25698 5
25702 2
25706 2
25707 5
25709 5
25710 5
25714 5
25719 0
25721 4
25722 0
25726 4
25729 5
25731 5
25733 0
25734 0
25735 2
25736 0
25737 5
25738 0
25740 0
25745 2
25746 0
25747 2
25748 2
25751 2
25754 0
25755 0
25759 4
25761 2
25762 4
25764 2
25765 4
25770 5
25771 2
25773 0
25776 0
25777 2
25779 0
25780 0
25786 5
25787 4
25790 0
25797 5
25809 5
25810 0
25811 5
25813 5
25815 0
25817 0
25818 2
25824 2
25830 4
25832 4
25836 2
25838 0
25839 0
25842 5
25844 2
25845 2
25847 0
25849 5
25856 0
25857 2
25858 5
25865 3
25868 5
25877 3
25878 2
25880 4
25885 0
25887 2
25892 5
25893 4
25896 5
25897 3
25901 5
25902 4
25903 4
25904 5
25905 0
25906 0
25907 3
25909 4
25912 4
25914 5
25917 0
25922 0
25923 0
25924 0
25926 4
25928 5
25933 2
25937 5
25939 0
25943 2
25944 4
25947 0
25950 6
25952 0
25954 0
25955 5
25959 0
25962 5
25963 5
25964 2
25966 4
25970 5
25971 2
25975 0
25976 0
25978 4
25980 0
25986 4
25987 2
25990 5
25992 4
25993 2
25994 5
25995 2
25997 2
25999 0
26000 3
26003 0
26007 2
26020 3
26021 0
26022 5
26025 0
26026 0
26028 0
26029 2
26031 4
26033 2
26041 4
26043 5
26044 2
26047 0
26052 4
26054 0
26055 0
26057 5
26060 5
26063 4
26064 0
26065 6
26066 4
26073 0
26075 0
26076 2
26079 0
26080 4
26081 5
26082 5
26083 2
26085 5
26088 5
26090 0
26091 2
26092 3
26097 4
26098 4
26101 2
26103 4
26109 5
26112 4
26114 5
26115 5
26119 3
26120 4
26121 2
26124 2
26125 0
26126 3
26128 5
26129 0
26140 0
26143 5
26144 0
26146 4
26147 2
26150 2
26151 0
26155 5
26159 2
26164 0
26165 4
26167 5
26168 4
26169 3
26177 4
26179 4
26180 2
26181 2
26187 0
26189 3
26190 0
26194 4
26195 5
26196 4
26197 0
26198 5
26204 4
26207 5
26209 2
26218 2
26221 0
26224 4
26227 5
26230 5
26232 4
26234 0
26239 0
26240 5
26242 0
26244 2
26249 5
26250 2
26254 4
26259 4
26265 5
26267 2
26270 2
26274 5
26275 0
26276 4
26280 0
26282 2
26283 0
26285 2
26287 5
26289 4
26291 0
26292 0
26295 2
26296 4
26299 5
26302 2
26308 0
26309 2
26312 2
26314 2
26316 5
26320 4
26321 2
26322 5
26323 0
26328 2
26331 0
26333 0
26334 0
26335 4
26336 0
26339 5
26340 4
26341 5
26342 2
26345 2
26348 1
26353 2
26354 0
26356 5
26357 2
26358 4
26361 2
26364 5
26365 5
26368 5
26369 0
26373 5
26374 5
26377 2
26378 0
26380 4
26382 0
26391 4
26392 5
26393 0
26397 0
26398 5
26401 0
26402 4
26405 5
26406 4
26409 0
26411 2
26412 5
26414 6
26415 2
26416 5
26422 4
26427 4
26428 5
26432 5
26433 0
26434 4
26435 2
26437 5
26440 5
26443 0
26444 5
26446 0
26450 4
26452 5
26453 5
26455 4
26466 2
26473 0
26474 0
26476 5
26482 4
26483 2
26485 0
26486 2
26487 4
26490 0
26491 3
26493 0
26497 3
26498 5
26503 4
26506 5
26507 4
26510 3
26511 0
26514 4
26520 0
26522 2
26523 2
26525 2
26527 4
26528 5
26530 4
26532 4
26533 5
26538 5
26539 0
26542 0
26543 3
26544 4
26545 5
26547 4
26549 3
26552 4
26554 4
26563 0
26564 0
26566 0
26567 2
26569 5
26572 4
26592 5
26599 3
26600 0
26603 2
26604 5
26605 0
26609 0
26613 0
26616 5
26617 3
26619 0
26620 4
26627 0
26630 0
26632 0
26635 4
26637 0
26639 5
26641 4
26642 0
26647 5
26648 2
26649 4
26650 4
26653 5
26656 4
26657 3
26658 2
26659 0
26663 2
26671 0
26672 0
26673 4
26676 0
26677 0
26686 1
26690 2
26691 0
26692 0
26694 0
26699 0
26700 4
26705 3
26708 2
26710 2
26713 0
26715 4
26716 4
26718 5
26720 4
26721 4
26724 1
26727 0
26730 4
26734 0
26735 3
26739 4
26741 2
26742 4
26743 0
26745 2
26747 0
26750 2
26753 5
26755 0
26758 1
26759 5
26762 2
26766 4
26769 0
26774 4
26775 0
26777 5
26782 5
26784 0
26786 0
26787 2
26789 4
26794 5
26799 4
26800 0
26802 3
26804 4
26807 5
26808 0
26809 0
26810 2
26811 0
26812 0
26814 0
26816 5
26819 5
26822 5
26824 3
26828 4
26829 4
26831 0
26832 4
26833 0
26834 4
26837 5
26839 5
26840 5
26842 0
26843 3
26848 4
26849 5
26851 5
26857 5
26858 5
26859 2
26862 2
26864 0
26866 4
26870 5
26871 5
26873 2
26874 5
26875 5
26878 5
26879 4
26882 5
26887 2
26888 0
26889 1
26894 2
26896 0
26897 2
26901 3
26905 3
26907 5
26908 0
26911 2
26912 0
26914 0
26915 4
26916 0
26919 3
26923 4
26929 4
26932 2
26937 5
26938 3
26940 4
26941 0
26944 4
26945 5
26948 2
26950 4
26952 5
26953 4
26958 0
26959 3
26960 5
26961 2
26963 4
26964 0
26966 5
26967 4
26974 3
26975 5
26977 2
26978 4
26979 4
26985 0
26989 2
26991 0
26994 5
26995 0
26996 3
26999 5
27002 0
27009 0
27011 2
27012 0
27027 3
27030 4
27032 5
27037 0
27038 0
27039 5
27045 4
27046 4
27047 4
27056 0
27057 0
27058 2
27063 0
27067 4
27070 0
27073 0
27074 5
27078 0
27079 0
27080 4
27092 4
27093 0
27094 0
27103 3
27104 0
27107 0
27108 0
27110 5
27116 3
27120 0
27121 5
27123 4
27124 2
27129 4
27131 4
27136 0
27141 5
27148 4
27150 5
27154 3
27155 5
27163 4
27165 0
27166 5
27170 5
27173 0
27183 2
27185 3
27186 4
27187 0
27188 2
27189 0
27190 0
27193 5
27195 5
27199 0
27200 0
27204 5
27206 5
27210 5
27212 5
27213 4
27215 3
27217 0
27219 5
27233 0
27234 4
27236 4
27238 4
27240 0
27246 5
27248 5
27249 0
27250 2
27252 4
27254 4
27259 5
27263 0
27266 3
27273 5
27274 2
27277 0
27279 0
27286 2
27287 0
27289 5
27290 5
27291 5
27292 2
27295 0
27305 0
27309 4
27311 5
27314 5
27316 4
27318 4
27321 5
27322 0
27323 4
27327 0
27328 3
27334 0
27337 6
27347 2
27348 2
27349 5
27350 2
27351 2
27353 5
27354 4
27355 5
27357 4
27359 5
27361 0
27363 4
27364 0
27370 5
27371 5
27377 4
27380 5
27383 4
27384 4
27385 0
27399 0
27401 5
27404 4
27405 0
27408 0
27410 4
27414 4
27416 5
27422 5
27423 2
27425 0
27427 5
27429 5
27430 4
27437 5
27439 4
27441 4
27445 2
27448 0
27449 2
27450 0
27451 2
27452 0
27457 5
27459 4
27463 0
27465 5
27466 5
27467 0
27473 2
27476 5
27482 2
27484 4
27486 2
27490 2
27493 2
27494 4
27496 5
27498 2
27501 0
27502 4
27504 4
27506 4
27509 5
27511 4
27512 2
27516 5
27518 4
27519 4
27520 4
27521 5
27522 5
27523 4
27525 0
27526 0
27528 5
27529 5
27532 5
27533 0
27535 4
27538 5
27544 2
27546 2
27549 5
27551 5
27552 2
27553 4
27556 2
27562 5
27563 0
27567 5
27569 0
27571 4
27575 4
27577 5
27580 5
27583 5
27589 5
27592 4
27595 0
27600 4
27601 0
27611 5
27613 2
27619 0
27621 0
27622 2
27623 4
27629 4
27638 2
27639 2
27640 0
27643 4
27644 2
27645 3
27649 5
27651 3
27655 0
27656 2
27659 4
27663 5
27665 0
27673 2
27676 5
27677 0
27679 2
27681 5
27686 5
27687 4
27690 2
27696 0
27700 0
27703 2
27706 5
27707 2
27710 0
27711 4
27719 2
27720 2
27722 0
27723 0
27724 0
27729 2
27734 2
27739 2
27741 2
27744 0
27749 2
27751 2
27755 2
27758 2
27762 2
27764 5
27768 5
27769 0
27770 5
27773 2
27776 0
27777 0
27779 2
27780 3
27781 2
27783 0
27785 5
27789 2
27790 4
27795 2
27797 4
27799 0
27803 5
27804 5
27808 4
27816 0
27820 5
27826 2
27827 5
27828 0
27832 4
27834 4
27838 5
27839 0
27842 4
27843 0
27845 0
27852 0
27857 5
27858 5
27859 0
27860 5
27861 4
27862 5
27863 5
27864 2
27878 2
27879 4
27880 5
27883 3
27884 0
27885 5
