1 237
8 105
9 1
10 24
11 172
13 182
15 89
20 121
22 74
23 92
25 248
30 193
32 53
33 196
35 88
40 116
44 176
48 2
49 17
50 88
55 41
60 28
61 66
62 222
64 239
67 84
68 28
72 86
77 222
79 112
85 51
86 56
94 67
95 86
98 68
100 113
101 76
103 224
106 208
109 205
119 104
121 176
123 8
127 244
130 193
133 191
134 211
135 228
136 249
142 67
143 17
146 53
147 144
149 41
152 94
153 25
157 0
159 71
160 151
161 117
163 226
165 198
166 89
171 132
172 84
173 222
176 119
178 162
179 113
180 56
181 146
191 17
193 126
195 233
198 159
199 43
200 1
204 46
207 35
208 75
209 196
210 182
211 17
216 19
217 184
219 247
220 119
221 231
224 127
225 67
226 209
232 246
234 226
238 224
240 244
243 45
244 132
245 92
246 209
250 201
251 116
254 185
258 7
261 157
270 182
271 154
275 7
278 168
279 148
281 86
289 8
290 78
293 65
294 166
297 232
298 85
299 116
302 30
305 43
308 70
309 46
310 140
311 205
312 231
313 118
316 172
318 244
322 191
324 56
326 182
331 105
333 141
336 227
337 152
338 154
340 17
342 0
344 78
345 70
347 28
348 212
354 209
357 140
359 1
360 56
361 88
362 140
363 24
368 236
369 24
370 211
371 224
372 191
374 78
378 1
380 28
381 53
384 86
385 214
389 67
391 226
393 154
396 15
398 240
400 214
401 228
404 117
405 209
406 17
407 86
408 208
409 154
410 33
411 92
412 2
413 24
416 69
421 19
423 35
424 172
425 222
427 216
429 234
431 24
434 88
435 172
443 243
445 37
453 209
454 182
455 17
459 214
463 56
464 216
475 69
477 41
480 113
482 43
483 131
485 108
487 25
490 119
492 75
493 162
494 1
498 24
501 65
503 125
505 185
512 46
519 0
523 71
524 67
526 144
527 193
528 69
530 226
531 92
534 56
538 105
541 247
542 193
543 17
546 54
548 116
549 33
552 181
553 224
554 234
556 126
558 120
562 117
564 24
568 88
571 42
573 244
574 44
579 69
581 228
583 17
584 199
590 164
591 126
593 96
595 78
598 78
601 116
603 127
607 112
608 28
609 196
613 121
614 225
615 193
618 244
620 65
621 154
622 45
623 243
625 117
632 92
633 41
636 17
643 2
645 53
648 77
649 28
650 126
653 216
655 70
656 1
658 231
660 221
661 193
666 243
667 92
669 113
671 48
672 56
673 43
674 116
677 169
678 86
681 92
682 1
683 154
685 35
687 30
690 240
697 0
698 168
699 200
701 17
703 58
704 193
705 70
710 28
711 17
715 116
717 1
718 228
720 41
722 17
726 150
727 17
728 184
729 33
731 41
740 225
742 232
744 56
745 209
748 123
749 67
754 0
756 127
760 88
761 183
768 236
772 65
773 48
776 33
777 246
778 163
780 24
783 116
784 1
789 193
790 54
791 10
793 70
794 182
797 181
803 224
809 51
810 146
811 126
813 168
815 29
818 24
819 54
820 119
821 229
824 70
825 245
826 185
828 140
830 218
832 152
837 86
839 112
840 222
842 1
846 105
848 228
851 116
853 96
854 214
856 56
858 65
859 56
864 144
866 116
869 226
871 44
872 116
878 188
879 53
882 172
884 191
886 221
887 209
891 56
892 173
894 228
898 86
901 225
902 48
904 24
906 172
907 232
908 228
910 28
912 116
914 56
915 88
918 53
919 95
921 24
923 72
925 70
929 244
931 105
935 228
947 140
949 86
951 240
952 211
953 165
956 225
960 78
961 172
966 24
970 172
973 56
975 193
976 84
977 140
979 181
980 181
984 52
985 244
986 103
988 0
993 33
994 24
996 239
1003 44
1004 159
1009 70
1011 8
1012 1
1014 228
1015 215
1018 41
1019 111
1020 56
1021 131
1024 7
1030 97
1033 33
1034 69
1035 31
1038 154
1039 18
1041 105
1042 86
1044 70
1045 92
1047 0
1048 124
1053 28
1058 129
1060 56
1063 105
1067 156
1069 69
1071 116
1072 56
1073 17
1076 70
1084 244
1086 214
1087 78
1088 206
1102 193
1105 112
1106 67
1111 43
1114 144
1115 116
1116 36
1117 231
1118 228
1121 17
1122 225
1125 17
1128 123
1130 181
1131 105
1133 206
1134 116
1135 64
1136 17
1139 146
1144 25
1149 173
1152 226
1154 191
1156 1
1160 152
1161 193
1163 184
1165 17
1166 167
1167 65
1170 17
1173 226
1175 193
1176 70
1179 76
1181 67
1182 117
1183 152
1184 144
1188 234
1195 73
1196 24
1199 240
1200 209
1201 123
1207 17
1208 8
1210 40
1216 226
1217 17
1218 240
1219 53
1222 172
1225 86
1227 222
1228 146
1229 89
1233 44
1234 129
1235 173
1236 1
1239 226
1242 56
1246 67
1258 28
1260 24
1261 1
1262 224
1263 50
1264 244
1265 166
1266 211
1267 88
1268 24
1270 182
1271 70
1273 181
1286 246
1293 193
1307 165
1309 140
1312 78
1313 157
1322 247
1323 226
1324 249
1325 33
1328 140
1331 117
1332 64
1333 28
1334 240
1335 41
1337 211
1341 135
1346 112
1347 227
1350 84
1352 56
1353 211
1354 92
1356 193
1359 1
1362 64
1368 228
1370 24
1372 116
1373 53
1374 70
1379 33
1380 225
1384 1
1385 24
1391 69
1392 140
1393 222
1394 228
1395 228
1396 64
1401 43
1402 116
1406 164
1407 56
1408 228
1413 228
1418 50
1419 247
1421 74
1425 53
1426 200
1427 152
1431 116
1433 224
1434 165
1435 145
1436 77
1440 184
1441 56
1443 211
1444 233
1446 114
1449 86
1450 118
1453 247
1456 70
1457 132
1460 28
1461 2
1464 97
1466 172
1471 33
1472 234
1475 210
1477 70
1478 126
1480 245
1483 191
1487 28
1490 226
1496 70
1497 1
1499 28
1504 228
1505 140
1506 211
1508 140
1513 74
1516 146
1518 86
1527 64
1528 172
1533 141
1535 70
1537 23
1539 228
1541 94
1543 135
1547 112
1550 30
1553 1
1554 181
1557 56
1558 191
1560 135
1562 120
1564 214
1565 119
1570 88
1572 41
1574 38
1579 1
1580 228
1581 228
1582 41
1584 56
1588 64
1589 37
1590 17
1592 78
1594 146
1601 144
1603 172
1604 216
1607 131
1616 172
1618 172
1623 172
1625 18
1626 17
1627 152
1629 116
1631 244
1635 37
1636 0
1637 129
1641 87
1644 17
1650 1
1654 227
1657 88
1662 53
1665 228
1666 92
1673 172
1679 157
1683 50
1685 237
1687 182
1691 191
1692 88
1693 173
1700 164
1701 126
1704 226
1706 226
1707 172
1716 56
1722 17
1723 172
1728 228
1729 247
1733 172
1737 46
1738 167
1739 128
1740 140
1744 135
1745 172
1746 24
1747 41
1753 25
1754 214
1756 69
1757 33
1763 152
1768 159
1769 146
1770 101
1773 68
1775 193
1778 8
1779 67
1781 17
1782 193
1784 43
1787 17
1788 41
1791 36
1792 191
1794 228
1795 17
1796 144
1803 70
1805 211
1807 53
1808 54
1812 1
1818 176
1821 236
1822 214
1823 103
1836 247
1837 70
1849 78
1851 75
1854 43
1858 17
1861 17
1865 112
1869 248
1872 70
1873 69
1876 70
1882 67
1885 43
1887 69
1890 185
1893 70
1896 0
1904 95
1905 62
1906 162
1907 103
1909 64
1911 214
1912 222
1914 172
1918 214
1919 118
1924 173
1925 234
1927 172
1930 129
1931 140
1932 17
1935 53
1939 181
1941 36
1946 28
1948 176
1949 56
1955 70
1957 137
1959 28
1960 66
1963 56
1966 17
1969 1
1970 154
1976 24
1977 224
1978 70
1979 226
1981 33
1982 61
1985 54
1989 154
1991 117
1992 66
2001 222
2002 56
2004 144
2005 164
2006 212
2007 55
2009 144
2012 226
2014 70
2015 218
2018 214
2021 146
2025 146
2026 17
2027 113
2039 105
2042 228
2047 228
2053 193
2056 17
2058 76
2059 154
2060 25
2062 86
2063 233
2066 50
2068 172
2076 193
2079 56
2080 244
2082 56
2085 226
2086 67
2087 170
2091 76
2096 17
2097 17
2102 214
2104 116
2106 2
2108 69
2109 92
2112 24
2114 86
2117 190
2120 169
2121 148
2123 205
2124 78
2127 41
2128 53
2132 127
2133 226
2136 224
2141 226
2143 228
2145 162
2147 121
2150 1
2151 196
2154 144
2155 0
2156 228
2158 119
2159 53
2160 205
2162 146
2163 154
2164 214
2165 72
2166 226
2167 98
2168 198
2170 70
2176 233
2179 116
2180 69
2182 1
2185 238
2189 24
2193 182
2195 47
2198 88
2199 205
2201 56
2206 75
2207 205
2208 92
2209 116
2210 52
2213 33
2216 41
2221 172
2223 17
2224 22
2226 92
2228 226
2233 172
2237 216
2240 17
2245 132
2246 140
2253 169
2254 117
2256 35
2260 119
2261 231
2262 69
2266 224
2270 56
2271 56
2272 191
2279 144
2280 64
2281 172
2285 28
2287 191
2289 70
2291 145
2293 214
2297 105
2300 17
2305 120
2306 116
2307 43
2309 24
2316 53
2319 146
2320 154
2321 226
2323 41
2324 48
2326 64
2328 226
2330 53
2332 48
2337 146
2338 70
2340 172
2344 224
2347 28
2350 1
2351 64
2355 228
2359 187
2363 116
2365 155
2370 193
2375 244
2378 221
2381 53
2383 116
2385 200
2387 17
2389 176
2391 174
2395 237
2396 214
2397 172
2400 104
2402 41
2403 28
2410 172
2412 47
2413 6
2414 157
2415 126
2416 226
2417 1
2419 41
2422 191
2423 1
2425 2
2426 241
2435 225
2436 144
2437 68
2438 214
2443 233
2448 140
2451 193
2454 120
2455 226
2459 154
2460 69
2461 172
2464 135
2466 125
2467 228
2469 224
2470 112
2477 155
2478 2
2479 1
2481 164
2483 126
2485 193
2490 67
2492 248
2499 228
2500 222
2501 56
2503 226
2504 157
2506 67
2510 17
2511 144
2512 69
2513 70
2514 176
2515 116
2520 41
2521 211
2524 118
2530 176
2532 91
2533 116
2536 182
2537 224
2538 244
2541 106
2543 19
2544 221
2545 57
2549 1
2550 43
2553 70
2557 1
2559 154
2561 43
2564 2
2568 76
2570 48
2574 113
2579 124
2587 146
2589 225
2590 226
2595 65
2597 17
2601 105
2602 92
2606 17
2607 149
2609 64
2610 144
2615 117
2616 98
2618 172
2620 1
2621 226
2622 50
2624 29
2627 229
2636 71
2642 248
2643 28
2650 164
2654 222
2657 140
2658 78
2659 191
2660 24
2661 132
2664 36
2665 216
2667 172
2672 70
2675 83
2678 176
2679 156
2681 70
2683 176
2684 41
2685 0
2689 164
2690 183
2695 95
2700 116
2701 105
2703 105
2711 28
2712 69
2713 148
2714 24
2716 64
2717 24
2720 157
2722 24
2728 176
2730 246
2733 245
2734 119
2735 228
2737 120
2738 140
2740 28
2741 116
2745 225
2749 123
2750 165
2751 33
2752 53
2754 205
2757 17
2759 56
2760 35
2763 33
2764 196
2766 117
2767 172
2770 111
2771 193
2775 28
2777 165
2778 214
2780 172
2786 248
2789 42
2790 152
2792 148
2795 206
2803 56
2806 193
2807 154
2809 122
2819 248
2820 176
2821 214
2825 224
2826 28
2827 159
2829 0
2833 53
2837 169
2840 70
2842 67
2843 1
2844 144
2848 91
2852 86
2860 0
2861 224
2862 135
2863 227
2866 107
2875 123
2877 247
2878 17
2884 172
2886 156
2890 126
2893 121
2894 33
2896 64
2898 173
2899 162
2900 211
2901 209
2904 28
2905 56
2906 33
2912 233
2914 54
2915 226
2920 92
2921 76
2922 41
2926 228
2929 1
2931 92
2935 190
2936 116
2939 48
2942 23
2943 194
2945 1
2946 70
2949 144
2951 181
2953 70
2954 28
2957 86
2963 84
2964 221
2966 1
2969 182
2970 174
2971 69
2972 156
2975 116
2977 184
2980 28
2982 144
2985 53
2986 164
2987 53
2988 144
2991 56
2993 132
2994 10
2997 227
3001 103
3003 143
3004 237
3006 158
3007 219
3008 181
3012 17
3014 226
3020 128
3026 244
3027 45
3030 17
3032 225
3034 154
3036 86
3037 50
3038 140
3039 28
3045 113
3046 172
3047 154
3048 224
3050 1
3052 70
3055 88
3056 157
3058 97
3061 216
3062 182
3064 1
3065 41
3066 62
3067 116
3071 194
3073 40
3075 214
3076 70
3078 193
3080 236
3083 1
3085 238
3087 70
3088 21
3089 28
3095 65
3097 155
3098 86
3099 195
3101 172
3104 15
3105 117
3107 75
3111 172
3112 236
3120 155
3121 149
3122 43
3124 44
3128 53
3129 205
3134 226
3135 24
3140 86
3141 184
3142 91
3147 56
3150 225
3152 17
3154 224
3156 210
3162 173
3163 17
3164 135
3167 130
3171 45
3172 43
3174 172
3176 0
3181 238
3188 116
3190 231
3191 17
3193 38
3194 28
3197 23
3200 196
3209 47
3210 70
3213 105
3215 50
3216 135
3220 44
3221 222
3222 83
3223 228
3224 41
3225 193
3228 17
3229 231
3231 112
3237 167
3239 216
3241 172
3243 163
3246 193
3247 221
3250 28
3252 199
3258 24
3265 76
3266 67
3267 129
3268 239
3270 55
3272 21
3273 24
3275 146
3276 107
3278 226
3279 76
3290 216
3295 1
3296 240
3297 0
3301 1
3304 1
3307 110
3308 0
3309 105
3310 131
3313 105
3315 82
3320 173
3321 211
3322 243
3329 0
3330 164
3338 136
3341 18
3343 86
3351 164
3355 113
3359 154
3362 152
3364 35
3365 79
3366 92
3372 162
3373 118
3376 53
3378 70
3379 241
3383 226
3386 172
3387 17
3390 126
3391 28
3392 237
3394 56
3396 28
3397 86
3401 105
3407 176
3408 1
3409 1
3410 120
3412 1
3414 113
3421 194
3422 0
3424 113
3425 53
3430 70
3431 24
3435 126
3441 41
3450 193
3451 173
3454 168
3455 116
3457 53
3458 193
3461 113
3464 140
3465 245
3470 231
3474 88
3475 0
3476 8
3477 65
3478 174
3480 214
3481 8
3485 89
3487 19
3491 126
3495 70
3497 164
3500 150
3503 218
3504 28
3509 144
3513 41
3518 212
3521 247
3523 116
3525 25
3526 157
3527 191
3528 123
3529 117
3530 43
3535 211
3536 152
3537 231
3538 69
3539 91
3544 222
3548 229
3549 69
3553 116
3555 70
3556 17
3557 2
3562 70
3566 172
3568 168
3572 60
3576 165
3578 247
3579 157
3584 188
3586 10
3588 92
3592 172
3593 226
3594 86
3596 227
3597 41
3600 181
3604 56
3607 224
3608 234
3609 121
3613 1
3614 173
3615 154
3618 12
3620 172
3623 128
3625 164
3627 149
3628 193
3629 31
3634 42
3635 120
3636 226
3637 40
3639 214
3640 21
3642 173
3644 116
3647 1
3648 19
3649 67
3650 172
3652 70
3653 211
3654 193
3656 86
3665 101
3666 53
3671 151
3673 214
3678 214
3682 70
3683 24
3684 46
3685 234
3687 70
3688 234
3690 24
3691 193
3693 53
3695 149
3698 116
3700 164
3701 87
3703 24
3704 193
3705 216
3707 169
3709 172
3712 50
3717 28
3718 144
3720 236
3725 172
3726 56
3730 17
3732 0
3734 118
3735 231
3737 24
3738 146
3741 17
3744 126
3747 24
3748 148
3749 175
3752 119
3759 244
3762 74
3764 226
3768 17
3770 64
3771 172
3774 154
3778 113
3779 1
3780 77
3781 38
3783 116
3784 24
3785 75
3792 105
3793 236
3794 0
3795 56
3796 128
3797 1
3798 226
3801 226
3803 24
3808 105
3809 60
3810 166
3811 86
3815 228
3819 140
3824 154
3827 92
3832 105
3835 132
3837 239
3843 120
3844 112
3845 1
3850 144
3857 69
3862 56
3863 226
3867 117
3868 182
3873 121
3878 24
3882 172
3885 191
3886 212
3888 116
3890 176
3891 104
3893 214
3894 108
3896 56
3900 17
3905 56
3907 116
3910 222
3913 88
3916 24
3928 231
3929 164
3931 214
3934 212
3936 172
3938 226
3940 228
3942 53
3943 226
3944 172
3945 67
3949 243
3950 33
3951 236
3955 101
3957 92
3960 140
3961 83
3962 126
3964 113
3970 172
3971 233
3976 214
3977 135
3982 193
3987 144
3990 224
3992 152
3994 24
3996 97
3997 132
3998 228
3999 17
4005 140
4008 24
4010 70
4012 228
4013 145
4016 176
4020 236
4024 234
4025 2
4026 222
4027 224
4028 116
4032 140
4033 241
4042 120
4048 50
4050 54
4051 92
4052 226
4053 236
4054 228
4055 126
4057 57
4058 172
4062 48
4065 75
4066 86
4068 117
4070 95
4072 52
4073 228
4076 224
4077 17
4080 200
4084 24
4088 148
4092 41
4093 33
4094 24
4095 105
4097 144
4101 214
4103 119
4106 144
4107 126
4108 231
4110 76
4113 17
4114 172
4115 246
4118 43
4119 70
4122 193
4123 176
4125 135
4132 212
4133 228
4139 105
4143 172
4146 109
4149 116
4151 57
4153 113
4161 182
4164 222
4166 28
4168 88
4169 157
4170 45
4173 214
4175 41
4180 172
4186 69
4190 116
4191 249
4192 172
4194 54
4196 50
4197 198
4199 109
4204 172
4209 200
4210 97
4213 226
4216 228
4218 44
4219 107
4224 157
4227 231
4228 211
4231 1
4234 53
4235 173
4238 213
4240 227
4241 214
4243 216
4248 86
4251 78
4252 240
4255 57
4256 212
4257 226
4259 97
4260 50
4262 191
4264 228
4272 222
4275 124
4276 91
4277 0
4278 164
4283 124
4284 58
4287 17
4289 146
4292 88
4295 70
4303 227
4304 40
4309 17
4310 154
4315 86
4321 173
4322 242
4324 116
4326 7
4327 86
4328 56
4330 89
4334 226
4338 157
4340 120
4341 8
4343 154
4345 33
4348 17
4349 196
4351 198
4352 39
4356 191
4357 172
4359 24
4361 17
4362 196
4364 140
4370 243
4374 236
4375 195
4376 157
4379 135
4383 11
4386 146
4388 185
4390 152
4391 144
4393 245
4395 17
4398 191
4400 58
4405 193
4406 69
4409 212
4412 168
4413 15
4416 182
4417 50
4422 226
4423 106
4425 234
4426 209
4429 146
4430 105
4432 154
4434 205
4436 53
4439 0
4444 113
4448 28
4450 244
4451 140
4452 44
4455 70
4456 233
4457 56
4460 146
4463 144
4465 53
4466 212
4471 225
4473 127
4477 155
4479 228
4480 1
4486 44
4487 69
4488 17
4489 106
4491 17
4493 70
4494 70
4497 222
4498 246
4500 112
4503 18
4504 193
4508 233
4510 69
4516 25
4523 69
4527 228
4528 86
4531 30
4532 67
4533 83
4534 1
4536 92
4537 146
4539 28
4543 126
4545 69
4546 222
4553 124
4554 143
4557 216
4562 17
4564 88
4565 155
4569 226
4570 48
4578 24
4584 30
4586 146
4588 221
4589 92
4594 228
4596 146
4598 144
4604 154
4605 155
4607 88
4609 70
4613 53
4616 62
4617 1
4622 222
4623 41
4624 89
4631 17
4633 117
4637 11
4640 24
4642 105
4644 70
4645 70
4646 173
4648 181
4651 215
4653 202
4654 218
4655 74
4661 64
4662 226
4665 208
4671 222
4673 69
4675 198
4676 224
4677 35
4678 113
4679 248
4680 70
4681 2
4682 231
4685 234
4688 120
4693 193
4695 82
4698 56
4703 75
4705 200
4707 116
4709 24
4710 226
4713 117
4714 37
4718 233
4720 113
4723 209
4724 22
4726 21
4730 37
4733 240
4734 70
4738 58
4739 165
4744 176
4752 78
4753 191
4754 126
4757 222
4758 121
4759 247
4760 35
4762 135
4764 57
4767 98
4768 28
4770 78
4772 157
4775 164
4781 44
4785 146
4789 1
4790 35
4791 0
4803 56
4806 53
4811 212
4814 154
4815 41
4819 236
4822 226
4826 135
4827 62
4828 195
4830 96
4831 152
4833 236
4834 227
4835 216
4837 21
4839 17
4840 103
4844 64
4846 244
4847 212
4851 193
4852 75
4853 135
4857 233
4858 75
4861 110
4863 141
4869 209
4872 209
4874 116
4887 70
4893 23
4895 181
4898 126
4903 116
4911 69
4913 117
4914 226
4915 146
4919 152
4921 0
4922 17
4924 78
4925 216
4926 81
4927 149
4929 1
4932 140
4934 8
4944 64
4950 101
4951 237
4956 24
4957 164
4959 116
4964 72
4968 56
4969 53
4970 176
4972 221
4973 226
4975 233
4976 116
4977 17
4979 182
4981 17
4982 24
4986 118
4989 53
4992 229
4993 164
5003 144
5007 165
5009 28
5011 33
5012 216
5017 218
5021 70
5024 17
5026 69
5027 132
5029 228
5031 112
5034 67
5035 118
5037 191
5038 199
5039 159
5040 24
5041 172
5042 41
5044 0
5047 24
5048 113
5049 226
5051 41
5055 127
5056 86
5057 243
5065 182
5070 15
5071 106
5072 1
5074 175
5078 127
5079 70
5080 112
5082 17
5084 67
5087 56
5089 132
5093 126
5094 159
5099 67
5102 53
5103 69
5105 216
5106 117
5108 46
5112 28
5120 176
5122 48
5123 133
5125 146
5127 216
5130 118
5131 164
5140 0
5141 117
5143 199
5147 119
5149 60
5151 214
5152 41
5157 116
5159 140
5161 211
5163 48
5164 144
5168 103
5173 112
5174 162
5175 1
5178 231
5181 1
5190 140
5200 69
5201 91
5203 176
5204 0
5205 154
5210 149
5212 1
5213 69
5215 116
5218 70
5222 86
5224 154
5228 50
5230 193
5232 196
5238 226
5239 246
5241 40
5242 152
5244 50
5247 69
5248 98
5253 84
5257 233
5259 241
5262 56
5265 92
5268 17
5270 25
5272 228
5275 17
5279 50
5286 132
5287 105
5291 193
5293 92
5296 164
5298 240
5301 246
5303 184
5308 140
5311 212
5316 103
5317 184
5318 88
5320 78
5321 56
5322 62
5323 33
5328 146
5330 205
5337 113
5341 201
5342 234
5343 41
5345 191
5347 132
5348 228
5352 214
5357 121
5363 106
5365 124
5366 226
5368 149
5369 173
5374 92
5376 172
5378 118
5381 105
5382 172
5383 228
5388 245
5390 133
5393 172
5395 24
5398 226
5404 117
5407 24
5420 214
5422 56
5423 92
5424 176
5425 33
5428 135
5431 193
5432 224
5434 181
5435 53
5436 164
5438 120
5440 230
5441 67
5448 231
5451 228
5453 40
5459 25
5461 19
5462 127
5463 196
5464 244
5465 56
5470 17
5472 54
5473 92
5480 154
5482 52
5483 24
5487 173
5493 199
5494 113
5496 112
5497 191
5505 51
5506 65
5508 86
5510 103
5513 116
5521 92
5524 244
5533 56
5540 230
5543 0
5547 214
5552 164
5553 211
5555 78
5556 47
5557 103
5558 64
5559 17
5561 164
5564 17
5567 56
5578 54
5579 218
5586 144
5587 88
5590 200
5592 88
5593 17
5594 131
5598 152
5601 88
5606 56
5608 214
5611 133
5620 66
5621 209
5622 126
5623 70
5624 1
5627 8
5628 225
5630 225
5631 172
5633 120
5635 43
5637 240
5638 193
5640 146
5641 56
5646 214
5647 56
5648 196
5654 191
5655 200
5658 113
5659 63
5672 144
5678 144
5679 40
5680 41
5681 172
5682 0
5687 237
5688 36
5689 226
5690 221
5693 116
5697 184
5699 175
5700 56
5701 159
5702 212
5706 159
5709 70
5711 172
5712 116
5713 1
5714 162
5716 173
5719 69
5722 54
5723 17
5724 8
5728 49
5734 70
5736 56
5739 233
5741 57
5743 113
5751 116
5752 56
5757 86
5758 173
5759 39
5763 206
5764 41
5767 176
5768 231
5769 56
5770 24
5771 84
5772 92
5773 41
5774 24
5776 53
5778 75
5781 56
5782 146
5794 64
5796 165
5800 172
5808 50
5813 173
5815 65
5816 181
5823 56
5824 105
5829 0
5835 218
5836 116
5837 176
5840 56
5847 228
5849 42
5851 196
5852 211
5857 215
5858 1
5861 236
5864 219
5865 165
5867 12
5868 24
5869 210
5870 146
5871 56
5876 140
5877 41
5880 247
5881 226
5882 1
5885 91
5887 182
5891 228
5902 98
5903 24
5904 56
5905 226
5906 164
5908 176
5914 116
5917 0
5918 17
5919 214
5920 0
5921 124
5932 172
5934 25
5937 222
5938 164
5947 41
5948 53
5952 117
5954 4
5955 236
5956 117
5957 1
5960 8
5962 154
5963 76
5965 149
5967 135
5971 116
5973 64
5974 98
5975 117
5976 54
5982 53
5993 17
5999 17
6000 245
6002 126
6006 248
6008 227
6016 17
6017 191
6020 24
6022 56
6023 116
6027 226
6029 33
6030 105
6031 53
6033 205
6034 233
6039 120
6049 226
6056 172
6057 232
6058 173
6061 69
6066 244
6068 176
6071 226
6073 70
6074 116
6078 239
6082 86
6083 212
6084 0
6087 45
6088 75
6089 216
6090 70
6093 24
6095 113
6099 222
6104 105
6106 144
6108 193
6110 222
6114 116
6119 105
6125 84
6127 210
6128 113
6131 121
6132 193
6137 216
6138 56
6143 236
6147 0
6148 117
6149 24
6152 196
6153 17
6154 53
6160 172
6161 105
6164 127
6168 191
6169 103
6170 200
6176 140
6178 172
6181 231
6184 67
6187 187
6190 64
6193 18
6195 228
6200 228
6201 216
6202 24
6210 0
6214 119
6215 164
6216 86
6218 17
6225 233
6234 176
6235 146
6236 56
6238 88
6239 45
6240 28
6246 230
6249 164
6250 146
6253 70
6254 228
6255 196
6257 144
6259 53
6263 244
6268 126
6270 64
6271 226
6273 236
6274 226
6277 156
6278 247
6280 17
6288 17
6289 193
6290 41
6291 17
6293 17
6298 141
6300 193
6303 105
6308 41
6312 154
6314 172
6316 53
6322 243
6324 144
6331 19
6333 8
6337 86
6339 25
6341 164
6342 244
6348 53
6349 165
6350 17
6352 147
6362 28
6366 69
6370 228
6374 140
6375 70
6377 209
6380 226
6383 54
6391 149
6392 23
6394 213
6395 125
6400 116
6405 119
6409 154
6410 0
6411 103
6414 24
6416 92
6419 241
6420 41
6425 222
6427 105
6428 125
6429 116
6430 169
6431 196
6438 164
6439 212
6446 140
6450 37
6452 172
6454 113
6459 113
6464 105
6465 67
6472 116
6474 244
6475 41
6476 67
6478 237
6480 41
6483 70
6495 112
6503 226
6505 214
6507 168
6508 78
6509 244
6510 56
6511 146
6513 78
6515 112
6516 24
6517 64
6518 24
6519 35
6520 48
6521 41
6522 116
6525 227
6529 227
6537 214
6540 117
6541 43
6543 51
6549 74
6556 70
6560 228
6561 236
6563 47
6568 56
6579 44
6580 196
6591 29
6597 112
6598 200
6603 113
6605 22
6608 164
6610 70
6611 24
6613 244
6620 56
6623 42
6624 53
6629 248
6634 35
6636 146
6639 193
6640 233
6642 140
6645 43
6649 227
6650 68
6654 184
6655 82
6656 53
6659 228
6663 214
6667 82
6669 78
6672 53
6675 53
6681 172
6685 226
6689 221
6690 116
6691 7
6699 116
6700 191
6709 218
6710 211
6713 181
6717 242
6718 226
6719 8
6720 40
6727 42
6730 222
6731 116
6742 102
6744 40
6745 70
6753 1
6754 228
6756 172
6760 211
6762 116
6766 110
6769 69
6771 84
6772 218
6774 247
6775 233
6777 106
6778 240
6779 17
6782 107
6785 226
6787 222
6790 172
6791 146
6792 231
6793 105
6796 247
6797 65
6801 172
6802 105
6803 50
6804 17
6806 69
6807 101
6809 198
6810 172
6812 105
6813 69
6825 228
6827 67
6828 172
6830 67
6832 170
6833 148
6835 172
6836 92
6838 231
6842 140
6847 113
6855 31
6856 211
6858 123
6862 228
6865 181
6870 228
6872 164
6874 152
6875 236
6876 126
6877 41
6878 230
6879 25
6880 193
6886 1
6887 100
6888 64
6894 64
6895 224
6898 164
6904 55
6905 70
6906 236
6907 218
6909 209
6916 168
6920 65
6921 56
6922 74
6924 193
6926 156
6929 211
6931 53
6932 50
6936 28
6942 69
6945 159
6948 173
6949 173
6953 164
6955 33
6957 17
6958 172
6961 193
6962 1
6967 17
6969 237
6971 132
6972 43
6973 117
6975 44
6976 96
6977 41
6983 218
6985 226
6987 235
6990 69
6991 103
6993 116
6999 157
7000 17
7008 181
7009 193
7011 24
7021 236
7023 88
7024 156
7025 53
7031 41
7035 226
7036 36
7038 126
7041 29
7046 2
7052 1
7053 78
7055 116
7056 70
7061 146
7062 214
7063 224
7065 144
7067 193
7068 193
7072 222
7073 24
7075 157
7077 53
7079 92
7080 185
7081 56
7085 144
7087 4
7088 74
7089 91
7090 116
7100 110
7102 28
7111 168
7112 193
7113 99
7114 101
7115 78
7122 70
7124 236
7127 58
7128 112
7129 1
7130 48
7132 65
7133 11
7134 56
7138 86
7141 244
7143 144
7145 56
7147 228
7150 17
7152 196
7158 146
7160 29
7163 196
7164 172
7165 210
7168 54
7170 111
7173 4
7175 193
7180 88
7184 28
7186 238
7194 99
7199 2
7203 97
7208 24
7209 228
7212 54
7221 228
7229 53
7231 132
7238 157
7240 78
7243 117
7247 154
7248 41
7251 64
7262 117
7265 23
7269 234
7274 230
7276 164
7278 165
7279 64
7282 172
7291 116
7303 64
7304 88
7306 53
7314 70
7315 56
7316 228
7318 0
7320 24
7322 214
7323 214
7325 191
7327 1
7328 54
7329 58
7331 105
7332 214
7334 200
7336 144
7337 53
7338 56
7341 135
7344 172
7345 151
7346 70
7353 228
7356 140
7358 65
7359 28
7360 238
7364 234
7365 70
7366 117
7378 41
7381 92
7384 53
7387 119
7389 234
7391 86
7393 105
7394 123
7397 172
7399 70
7404 92
7410 1
7411 67
7413 24
7416 128
7419 181
7420 109
7424 28
7425 1
7431 211
7434 156
7435 123
7438 112
7444 43
7445 41
7450 126
7451 1
7452 1
7454 185
7455 118
7457 132
7463 70
7468 154
7470 154
7471 73
7472 112
7480 236
7482 236
7483 47
7486 116
7487 224
7492 164
7496 247
7502 67
7508 36
7511 55
7513 117
7517 67
7518 228
7520 47
7524 226
7527 132
7528 156
7529 113
7530 117
7532 86
7535 164
7536 172
7540 143
7551 128
7553 234
7555 235
7559 245
7564 238
7567 86
7573 8
7574 21
7576 28
7578 113
7588 105
7591 41
7594 116
7595 154
7596 236
7597 54
7602 222
7609 35
7612 222
7617 228
7618 234
7622 163
7626 144
7627 17
7628 209
7630 226
7631 56
7633 8
7637 58
7638 247
7644 116
7645 88
7647 226
7648 1
7650 157
7651 226
7652 151
7657 157
7658 64
7661 214
7663 107
7666 226
7668 40
7674 73
7675 24
7677 214
7678 1
7680 244
7682 124
7689 0
7692 28
7695 172
7699 116
7703 191
7704 227
7711 64
7715 35
7721 70
7723 131
7724 70
7725 228
7728 146
7729 113
7733 8
7736 54
7742 116
7746 163
7747 226
7750 214
7752 70
7753 228
7758 222
7759 52
7761 214
7763 148
7764 92
7767 144
7771 227
7772 56
7777 92
7778 231
7781 90
7782 228
7786 82
7791 94
7792 191
7796 1
7799 70
7800 70
7805 29
7808 56
7809 200
7810 28
7811 24
7816 213
7817 227
7818 172
7819 13
7821 236
7824 8
7826 57
7827 69
7830 86
7832 105
7837 86
7839 166
7840 86
7843 70
7846 17
7848 211
7850 53
7852 53
7853 95
7856 112
7858 241
7861 169
7864 196
7869 246
7870 172
7872 242
7873 50
7875 154
7877 48
7884 146
7885 86
7887 28
7888 56
7890 211
7892 159
7895 157
7897 113
7898 184
7905 103
7906 174
7907 41
7909 84
7910 24
7912 234
7916 53
7920 172
7923 146
7925 150
7926 195
7929 193
7944 17
7946 57
7948 224
7951 176
7956 173
7960 36
7961 126
7968 31
7969 86
7975 109
7977 0
7982 42
7986 41
7988 95
7992 245
7995 144
8000 128
8001 146
8003 109
8004 70
8005 67
8007 154
8008 64
8010 41
8011 222
8016 17
8021 64
8024 226
8033 79
8034 17
8038 47
8041 50
8043 144
8051 140
8055 70
8057 226
8060 17
8063 30
8064 0
8067 126
8069 78
8072 144
8077 181
8079 172
8080 172
8084 172
8086 140
8088 92
8091 24
8092 247
8095 70
8098 72
8101 92
8102 123
8106 58
8109 17
8110 70
8115 193
8117 245
8118 233
8119 17
8124 36
8126 222
8130 28
8133 35
8135 10
8141 48
8142 236
8144 128
8145 1
8149 112
8151 104
8154 85
8158 236
8159 128
8160 33
8163 181
8166 214
8169 17
8171 176
8172 193
8178 196
8188 146
8190 123
8197 226
8206 48
8209 164
8211 69
8215 53
8216 17
8220 17
8222 25
8225 126
8226 228
8231 119
8235 228
8236 222
8238 17
8243 74
8247 106
8251 226
8256 116
8257 117
8260 214
8266 24
8271 172
8273 24
8274 105
8275 66
8276 50
8278 222
8281 236
8286 141
8287 29
8288 56
8290 176
8292 50
8293 98
8295 227
8299 24
8301 116
8304 154
8311 116
8315 78
8317 193
8323 56
8324 228
8329 193
8330 135
8332 65
8334 212
8335 10
8337 172
8349 4
8356 185
8359 226
8361 83
8368 6
8374 1
8378 33
8381 236
8382 226
8396 243
8398 58
8399 173
8402 236
8404 117
8407 86
8408 212
8411 166
8412 116
8415 1
8416 156
8417 48
8418 144
8419 224
8421 161
8422 191
8425 53
8426 53
8429 58
8433 98
8436 245
8437 135
8443 117
8452 116
8453 224
8454 94
8455 17
8456 118
8464 17
8466 44
8475 1
8476 169
8477 244
8481 228
8483 226
8484 226
8487 113
8488 41
8489 214
8491 148
8494 193
8496 193
8497 164
8498 164
8499 0
8503 112
8504 17
8505 53
8510 116
8511 56
8513 146
8514 89
8515 168
8517 116
8518 227
8526 214
8527 86
8528 226
8529 172
8530 235
8538 56
8539 86
8543 200
8550 218
8553 174
8554 24
8555 157
8556 67
8558 216
8563 86
8564 116
8565 70
8569 209
8570 95
8571 88
8576 54
8577 236
8579 182
8591 221
8592 168
8593 208
8595 106
8596 123
8597 113
8606 244
8607 228
8616 56
8619 226
8620 17
8621 40
8622 222
8625 153
8631 0
8632 88
8633 135
8636 193
8637 54
8638 211
8643 224
8646 226
8648 116
8652 236
8653 222
8655 176
8657 159
8663 226
8674 56
8677 8
8685 149
8688 33
8689 70
8690 214
8695 70
8698 1
8700 36
8704 1
8705 124
8713 1
8714 105
8717 56
8719 17
8728 146
8731 191
8732 228
8733 176
8738 234
8742 209
8743 0
8747 24
8748 172
8749 191
8750 236
8755 222
8756 1
8757 28
8766 233
8768 65
8771 247
8774 172
8775 0
8777 50
8778 196
8779 86
8780 199
8781 43
8783 141
8784 24
8786 68
8790 56
8795 19
8797 41
8798 70
8802 193
8803 68
8804 86
8805 193
8806 116
8817 172
8819 244
8824 43
8826 41
8829 104
8831 165
8836 247
8840 58
8841 56
8852 173
8853 102
8855 236
8856 69
8858 120
8860 210
8862 92
8863 17
8864 0
8865 78
8868 86
8869 86
8871 43
8875 0
8878 116
8879 56
8883 181
8891 117
8892 8
8895 214
8896 140
8898 112
8910 214
8911 53
8913 176
8914 105
8921 126
8922 132
8926 236
8928 152
8930 212
8933 153
8934 70
8935 54
8936 216
8937 36
8938 193
8954 116
8955 222
8960 0
8962 140
8969 143
8971 183
8973 128
8975 200
8976 226
8979 57
8982 164
8984 228
8987 128
8988 74
8994 212
8998 112
9001 154
9005 196
9008 70
9009 70
9011 17
9014 211
9020 23
9021 54
9022 148
9027 2
9028 24
9034 172
9035 53
9046 24
9048 70
9050 181
9051 181
9055 112
9056 69
9058 1
9059 144
9061 57
9062 70
9064 119
9065 144
9066 172
9067 227
9070 92
9071 148
9072 140
9080 225
9087 70
9089 196
9091 86
9094 166
9096 154
9100 23
9103 236
9105 42
9108 191
9110 244
9114 224
9115 144
9117 226
9119 222
9126 28
9128 172
9132 233
9133 237
9135 228
9137 191
9138 79
9139 126
9140 119
9141 28
9143 65
9144 41
9147 69
9148 208
9150 53
9152 19
9157 74
9160 84
9164 35
9173 1
9176 193
9183 86
9187 144
9190 35
9194 185
9196 133
9203 17
9206 41
9207 222
9209 121
9210 154
9215 146
9228 123
9233 148
9237 193
9239 112
9241 72
9246 17
9247 211
9250 135
9251 211
9252 19
9255 33
9259 172
9263 214
9266 214
9267 116
9269 181
9270 146
9275 227
9276 86
9277 173
9279 113
9286 225
9287 70
9288 99
9292 226
9293 182
9295 209
9296 69
9299 46
9300 86
9302 224
9308 1
9309 225
9310 106
9311 56
9314 232
9319 24
9326 185
9329 105
9333 24
9335 116
9336 1
9342 50
9344 86
9346 135
9350 124
9351 17
9352 176
9353 154
9355 86
9358 48
9362 92
9363 164
9366 105
9369 17
9370 116
9371 169
9372 24
9373 0
9375 221
9376 92
9381 13
9384 116
9385 50
9386 70
9388 226
9390 193
9393 86
9394 210
9395 67
9399 226
9402 232
9403 10
9407 46
9408 240
9410 191
9412 54
9415 116
9416 228
9417 120
9419 244
9420 209
9421 193
9422 228
9423 86
9427 105
9428 70
9431 157
9433 70
9435 228
9445 193
9446 166
9450 4
9451 164
9458 70
9459 1
9461 211
9469 70
9470 45
9475 35
9479 146
9481 105
9486 24
9487 228
9488 209
9489 44
9494 173
9502 157
9507 116
9508 196
9509 92
9510 221
9514 149
9515 53
9516 53
9518 211
9520 211
9530 53
9532 43
9535 75
9541 55
9542 240
9544 70
9546 24
9550 86
9551 8
9552 237
9553 172
9554 117
9562 140
9566 112
9567 86
9569 78
9570 149
9571 121
9572 50
9580 248
9582 222
9583 1
9585 228
9588 238
9589 117
9595 28
9596 86
9597 226
9599 112
9600 56
9602 54
9603 205
9608 56
9609 238
9610 1
9611 86
9613 233
9619 1
9621 174
9622 86
9623 17
9633 17
9636 228
9651 164
9652 164
9654 102
9664 40
9669 103
9670 56
9675 71
9676 231
9680 76
9683 222
9687 67
9696 44
9700 173
9701 244
9702 126
9709 88
9716 56
9717 120
9719 105
9720 116
9721 17
9724 233
9725 86
9729 231
9733 226
9735 211
9740 78
9746 146
9748 86
9751 113
9756 54
9766 1
9770 152
9771 206
9772 127
9773 212
9775 165
9776 214
9781 0
9782 148
9783 88
9788 105
9789 172
9790 172
9791 17
9792 193
9794 86
9798 164
9799 140
9801 24
9802 156
9803 64
9805 191
9807 234
9809 193
9810 28
9814 110
9818 92
9819 226
9824 118
9828 84
9830 117
9832 176
9833 230
9835 176
9836 214
9845 182
9850 226
9851 13
9856 128
9858 214
9859 126
9861 1
9862 193
9863 53
9864 196
9867 25
9869 225
9875 70
9876 56
9879 205
9884 1
9885 50
9887 56
9889 107
9897 133
9898 70
9899 125
9902 24
9912 148
9913 28
9918 158
9919 182
9920 245
9921 117
9927 64
9928 70
9932 25
9937 226
9938 117
9940 216
9941 67
9942 244
9950 225
9951 53
9952 17
9953 70
9954 86
9956 116
9957 116
9961 1
9963 24
9966 126
9967 70
9982 142
9986 129
9987 17
9988 146
9990 242
9991 182
9992 172
9997 113
9998 112
9999 195
10002 13
10006 116
10011 157
10012 132
10014 164
10015 24
10022 24
10026 222
10027 18
10028 35
10030 234
10032 169
10033 185
10037 53
10038 43
10040 231
10041 43
10043 156
10044 70
10046 28
10049 56
10050 41
10055 69
10062 222
10064 0
10069 164
10070 0
10071 240
10079 78
10083 236
10084 204
10088 135
10092 193
10093 224
10095 132
10097 24
10099 239
10100 224
10101 230
10103 112
10110 8
10112 225
10113 157
10117 92
10122 116
10124 240
10127 56
10129 176
10131 164
10134 24
10135 137
10136 146
10139 140
10145 121
10146 41
10147 165
10149 29
10151 233
10153 173
10160 105
10162 206
10166 64
10167 182
10170 69
10171 46
10172 1
10174 1
10177 181
10178 2
10184 41
10186 172
10189 205
10191 50
10194 92
10195 164
10201 116
10206 28
10210 233
10215 165
10217 17
10224 24
10229 213
10231 193
10233 149
10234 78
10235 88
10238 17
10241 248
10242 56
10243 172
10247 172
10250 182
10251 216
10252 92
10253 200
10256 36
10257 19
10258 214
10259 121
10260 56
10261 238
10263 173
10268 24
10272 132
10275 236
10280 105
10282 154
10285 135
10286 164
10288 117
10290 54
10291 110
10292 55
10293 247
10298 176
10302 86
10304 248
10305 233
10309 29
10312 227
10313 221
10317 238
10319 0
10320 172
10322 86
10328 137
10330 86
10331 226
10335 105
10338 105
10339 92
10350 29
10352 28
10356 56
10359 182
10363 88
10367 222
10372 113
10382 116
10383 226
10384 41
10386 105
10387 1
10390 172
10396 56
10399 1
10403 48
10406 102
10412 237
10415 69
10419 113
10420 116
10422 211
10424 176
10425 78
10427 69
10429 113
10436 227
10437 33
10441 1
10445 117
10447 236
10448 218
10454 229
10456 53
10459 83
10461 69
10467 56
10468 24
10472 175
10473 216
10475 67
10477 40
10478 244
10480 246
10482 144
10484 230
10487 172
10488 214
10491 196
10493 193
10494 144
10496 18
10500 17
10501 0
10503 176
10504 126
10505 224
10507 246
10508 154
10509 86
10510 141
10515 17
10519 222
10524 214
10531 166
10533 154
10534 164
10539 10
10541 48
10543 193
10544 193
10545 92
10548 113
10549 53
10551 57
10552 222
10553 128
10554 216
10555 78
10557 17
10562 225
10566 173
10570 1
10571 54
10575 67
10576 24
10579 92
10581 235
10583 215
10585 67
10587 140
10588 43
10594 135
10595 107
10596 227
10601 124
10605 25
10606 172
10609 226
10615 193
10618 224
10619 191
10621 53
10623 132
10628 224
10629 135
10634 4
10635 149
10638 207
10639 226
10645 0
10646 116
10654 124
10660 230
10661 24
10663 164
10665 1
10666 23
10668 113
10670 24
10671 64
10685 53
10687 173
10691 54
10695 86
10696 214
10698 204
10699 225
10703 50
10706 84
10707 19
10710 53
10714 40
10715 1
10717 222
10718 24
10721 222
10723 176
10724 56
10726 64
10727 229
10730 53
10738 17
10742 192
10745 78
10747 200
10748 172
10753 0
10756 172
10757 41
10759 87
10764 70
10766 70
10768 105
10770 191
10781 193
10789 135
10791 216
10797 28
10802 152
10810 90
10812 148
10814 226
10821 135
10827 228
10831 28
10833 57
10837 70
10838 176
10842 127
10843 233
10845 113
10846 152
10848 58
10849 116
10850 140
10852 222
10853 141
10854 191
10856 0
10857 246
10859 67
10861 214
10862 8
10868 142
10871 201
10872 17
10874 164
10877 43
10880 46
10884 98
10887 64
10890 225
10891 63
10893 70
10895 92
10897 211
10898 53
10903 105
10907 135
10916 69
10918 116
10919 157
10922 70
10924 70
10926 231
10928 205
10931 236
10932 116
10933 69
10934 17
10935 56
10943 226
10947 204
10954 17
10958 54
10959 64
10961 141
10962 228
10975 228
10977 209
10982 172
10983 116
10984 144
10985 11
10987 172
10992 72
11001 105
11005 147
11008 227
11009 156
11011 195
11013 116
11015 0
11018 69
11019 152
11020 50
11021 148
11024 75
11027 17
11029 24
11034 117
11035 24
11039 116
11044 141
11046 1
11064 146
11065 33
11067 163
11068 112
11079 0
11080 1
11082 70
11083 84
11091 128
11097 117
11099 226
11100 172
11107 41
11108 53
11111 92
11113 17
11114 198
11116 42
11117 157
11125 141
11126 87
11128 130
11134 86
11137 193
11140 121
11142 53
11143 182
11144 245
11145 168
11146 17
11147 105
11148 173
11149 214
11150 245
11152 234
11153 205
11154 222
11156 36
11158 172
11159 176
11162 24
11163 172
11164 117
11165 124
11172 154
11176 225
11179 17
11182 146
11184 92
11189 88
11190 126
11194 226
11195 13
11198 54
11201 69
11203 146
11207 41
11208 46
11213 244
11215 163
11217 233
11225 165
11230 70
11233 8
11238 67
11242 221
11243 69
11245 92
11247 67
11248 75
11249 221
11251 116
11252 112
11253 226
11254 53
11256 54
11257 176
11259 70
11260 112
11268 24
11269 86
11275 96
11278 193
11280 193
11289 118
11290 112
11295 120
11298 28
11308 144
11310 214
11314 224
11315 78
11317 113
11318 116
11319 47
11321 226
11322 70
11323 88
11330 205
11332 4
11333 166
11336 222
11340 152
11351 144
11352 67
11355 113
11362 224
11364 36
11366 0
11367 228
11371 117
11374 205
11379 28
11383 193
11385 19
11386 56
11388 226
11390 231
11391 17
11393 173
11395 193
11397 199
11398 117
11400 33
11402 127
11403 92
11404 70
11407 17
11413 222
11416 140
11418 224
11419 53
11420 228
11422 226
11429 70
11436 17
11437 69
11440 195
11448 172
11449 120
11452 1
11453 56
11454 46
11456 116
11458 113
11464 53
11466 113
11468 205
11470 236
11471 70
11475 127
11476 92
11478 222
11480 227
11481 86
11485 185
11486 67
11492 1
11496 116
11503 218
11508 24
11511 172
11523 206
11530 69
11531 88
11536 165
11537 146
11539 101
11541 48
11544 69
11551 32
11556 17
11559 182
11567 205
11570 225
11571 1
11573 88
11581 173
11584 70
11589 70
11598 40
11599 53
11602 144
11606 172
11609 172
11612 176
11618 135
11619 120
11628 135
11633 152
11639 172
11641 182
11642 212
11644 24
11645 176
11646 10
11647 123
11648 222
11652 168
11653 172
11655 152
11664 140
11665 200
11667 226
11671 233
11672 172
11673 33
11675 146
11677 193
11678 69
11683 56
11685 234
11688 92
11689 121
11690 116
11692 67
11693 214
11694 112
11704 50
11705 172
11706 1
11709 28
11710 172
11713 1
11716 53
11720 222
11721 1
11723 1
11725 211
11728 116
11730 17
11731 150
11732 236
11743 125
11745 53
11749 78
11750 40
11754 140
11760 116
11763 172
11766 231
11769 176
11772 228
11774 74
11777 28
11779 1
11780 152
11781 88
11782 113
11783 209
11785 25
11793 54
11794 69
11797 193
11801 33
11804 17
11805 70
11807 234
11808 24
11809 103
11813 209
11814 65
11815 214
11818 193
11823 240
11824 8
11828 208
11829 120
11834 108
11838 92
11843 161
11845 212
11849 17
11851 209
11852 70
11853 23
11855 8
11858 196
11861 35
11863 125
11864 116
11866 17
11867 207
11872 124
11873 233
11875 116
11877 176
11881 244
11882 126
11884 39
11887 191
11889 24
11890 56
11893 246
11899 17
11900 198
11902 70
11904 242
11906 172
11909 228
11912 53
11915 120
11917 1
11918 88
11922 244
11925 43
11928 153
11929 154
11933 29
11934 193
11940 47
11944 86
11945 154
11949 228
11954 128
11955 146
11957 172
11958 117
11966 212
11967 201
11970 116
11972 191
11973 17
11977 172
11981 126
11983 176
11985 56
11990 104
11991 244
11993 228
11995 144
11996 48
12003 56
12006 1
12009 228
12010 120
12013 144
12016 149
12017 107
12024 56
12027 211
12029 165
12030 106
12031 86
12036 146
12037 212
12038 222
12040 92
12042 211
12044 247
12045 33
12047 222
12052 57
12054 214
12058 222
12059 127
12064 154
12065 24
12067 112
12070 120
12072 69
12073 172
12078 191
12079 41
12080 17
12083 157
12085 28
12087 41
12089 28
12091 54
12092 135
12094 182
12097 124
12100 41
12101 17
12102 106
12104 24
12106 116
12107 92
12112 164
12114 193
12115 53
12122 56
12125 2
12127 126
12130 70
12133 0
12136 224
12141 214
12142 198
12145 208
12147 144
12151 176
12157 70
12162 43
12164 228
12166 17
12170 244
12178 157
12179 231
12183 191
12186 64
12193 216
12200 54
12202 106
12205 53
12208 231
12212 228
12214 154
12217 53
12219 116
12220 211
12224 69
12228 57
12234 53
12235 176
12238 226
12240 128
12243 120
12249 154
12252 24
12254 17
12255 96
12260 144
12261 153
12265 172
12266 64
12267 156
12268 24
12269 169
12272 120
12275 41
12280 53
12281 8
12284 193
12286 120
12289 86
12291 103
12294 119
12299 41
12300 154
12301 70
12308 24
12309 29
12311 196
12314 135
12315 92
12322 117
12323 193
12324 76
12325 222
12330 92
12331 135
12332 1
12335 28
12338 28
12344 216
12357 219
12358 78
12361 135
12363 228
12367 158
12380 113
12382 0
12383 233
12387 221
12396 116
12398 87
12399 195
12403 105
12409 226
12421 193
12422 53
12429 70
12431 23
12435 24
12447 88
12448 56
12449 141
12450 0
12451 56
12456 1
12457 64
12460 200
12462 226
12467 70
12469 78
12471 53
12473 24
12476 17
12478 154
12479 236
12480 112
12481 181
12482 1
12486 136
12488 117
12489 35
12491 195
12492 156
12498 28
12506 125
12507 228
12515 226
12518 53
12519 92
12525 165
12529 36
12534 117
12535 135
12536 221
12538 92
12539 24
12540 162
12544 172
12550 176
12552 17
12555 154
12557 172
12561 41
12563 105
12565 124
12567 172
12568 135
12571 65
12583 53
12584 124
12586 102
12590 211
12598 1
12599 226
12600 193
12603 56
12606 239
12607 226
12608 29
12609 157
12612 226
12619 112
12621 193
12622 28
12623 53
12629 74
12630 196
12632 113
12634 166
12635 53
12639 17
12646 116
12648 1
12652 17
12653 43
12655 196
12656 28
12660 17
12668 228
12671 12
12681 164
12686 54
12689 238
12698 236
12706 54
12709 224
12712 168
12715 17
12716 235
12725 208
12729 70
12730 58
12737 34
12740 92
12741 19
12743 165
12747 172
12748 214
12749 28
12751 220
12752 154
12755 193
12767 48
12768 140
12769 226
12773 116
12775 43
12778 140
12783 105
12789 10
12797 116
12799 97
12800 131
12803 172
12811 64
12814 70
12816 56
12818 244
12819 0
12823 120
12827 124
12830 105
12832 0
12835 24
12836 140
12837 193
12842 0
12843 195
12847 56
12850 167
12858 209
12862 135
12865 17
12871 86
12874 211
12875 1
12888 232
12892 113
12893 205
12895 70
12896 117
12899 123
12901 103
12902 70
12904 40
12905 233
12906 157
12914 86
12921 193
12924 126
12931 141
12935 215
12936 238
12937 203
12938 222
12940 53
12942 234
12943 19
12945 144
12948 127
12949 224
12951 56
12953 116
12955 172
12960 70
12965 228
12966 92
12967 86
12968 28
12972 210
12975 224
12976 70
12977 91
12978 77
12979 0
12983 126
12984 86
12986 23
12988 228
12993 41
12994 113
13003 173
13005 238
13006 168
13007 43
13008 221
13010 56
13011 228
13012 107
13014 17
13015 116
13019 146
13020 226
13024 1
13032 214
13034 154
13039 222
13041 24
13042 105
13043 135
13044 152
13048 172
13051 193
13054 116
13055 28
13056 225
13057 64
13059 46
13061 17
13062 169
13064 46
13065 224
13067 24
13072 54
13077 182
13078 127
13081 226
13082 57
13085 140
13090 116
13092 119
13093 29
13095 56
13097 75
13098 236
13100 28
13101 1
13102 50
13111 102
13112 106
13113 17
13114 92
13116 240
13117 107
13118 126
13120 125
13121 74
13122 113
13129 116
13131 67
13132 206
13133 140
13135 144
13136 1
13137 198
13139 44
13140 193
13147 129
13148 0
13154 117
13157 231
13159 53
13163 135
13165 244
13169 48
13174 19
13176 120
13181 53
13183 56
13187 8
13189 174
13194 70
13195 162
13200 196
13201 13
13210 191
13211 154
13212 1
13213 1
13220 17
13222 53
13233 64
13234 18
13236 144
13244 247
13245 175
13255 172
13256 70
13260 228
13262 53
13263 176
13264 132
13266 82
13268 70
13270 107
13274 1
13278 116
13280 193
13283 53
13285 53
13286 17
13287 232
13290 116
13291 226
13293 164
13294 24
13305 43
13307 17
13308 70
13314 25
13315 228
13316 76
13317 1
13318 214
13319 227
13321 101
13326 140
13327 53
13328 56
13330 25
13331 226
13332 0
13334 224
13335 105
13341 112
13343 224
13346 146
13347 176
13352 238
13354 154
13355 172
13356 218
13358 119
13361 126
13363 214
13364 244
13366 1
13368 86
13372 231
13379 70
13380 15
13381 53
13382 196
13383 176
13384 78
13386 25
13387 231
13389 154
13391 120
13400 1
13401 196
13406 212
13409 234
13411 172
13414 43
13416 173
13421 172
13422 226
13423 116
13425 78
13427 56
13435 77
13439 50
13441 116
13442 36
13444 154
13446 64
13447 12
13448 90
13450 148
13453 1
13454 57
13459 193
13462 185
13464 92
13466 53
13468 247
13469 228
13473 1
13475 176
13476 165
13477 106
13480 17
13482 70
13485 56
13486 226
13489 221
13492 228
13493 211
13494 164
13497 105
13498 240
13504 1
13505 220
13507 17
13509 88
13517 226
13519 182
13520 70
13522 176
13526 124
13527 33
13528 17
13535 226
13536 70
13539 216
13543 10
13545 172
13548 210
13549 172
13553 86
13557 41
13558 128
13559 42
13560 68
13565 70
13572 24
13578 224
13579 17
13583 181
13586 172
13587 166
13591 70
13592 140
13594 53
13598 154
13602 53
13603 197
13608 41
13609 173
13612 116
13619 182
13620 154
13622 70
13623 212
13625 214
13636 146
13643 41
13647 70
13649 196
13654 226
13656 23
13658 24
13659 67
13664 68
13667 24
13668 84
13672 116
13676 196
13682 43
13686 193
13689 36
13696 35
13698 78
13699 149
13703 154
13704 69
13706 70
13713 214
13716 121
13717 228
13722 234
13728 227
13733 120
13738 209
13741 109
13746 116
13748 41
13750 113
13755 225
13758 86
13759 224
13760 162
13762 198
13768 172
13772 88
13774 108
13778 10
13786 146
13787 164
13789 238
13791 222
13795 78
13800 56
13810 214
13813 120
13819 69
13820 78
13821 228
13824 1
13826 214
13828 17
13830 193
13833 120
13836 17
13839 212
13840 117
13843 135
13845 64
13849 17
13855 92
13859 24
13862 41
13866 212
13868 120
13869 46
13874 193
13876 37
13891 24
13896 75
13900 113
13905 146
13909 41
13911 56
13913 218
13914 28
13920 225
13923 19
13924 70
13925 17
13929 17
13933 233
13935 92
13938 70
13939 225
13940 172
13942 117
13945 240
13949 54
13955 24
13960 88
13961 209
13963 70
13964 54
13971 228
13972 123
13973 70
13975 86
13976 225
13982 110
13983 140
13987 39
13995 67
13997 154
13998 2
14001 19
14003 53
14008 123
14013 172
14017 172
14018 226
14020 194
14023 55
14025 8
14026 126
14028 140
14038 17
14039 65
14042 193
14044 28
14045 29
14056 193
14057 191
14061 74
14062 78
14063 222
14066 222
14073 244
14075 22
14076 70
14077 70
14081 90
14083 63
14086 97
14087 164
14090 176
14091 226
14092 173
14093 70
14094 56
14096 43
14099 117
14100 28
14103 193
14108 116
14112 44
14118 144
14121 158
14125 117
14126 224
14127 56
14130 176
14132 191
14133 56
14135 162
14139 205
14141 1
14145 201
14148 113
14152 116
14153 92
14154 54
14155 211
14160 191
14166 193
14167 45
14169 70
14170 172
14173 193
14174 226
14175 164
14178 43
14179 41
14181 88
14182 23
14185 137
14188 182
14190 56
14192 29
14194 166
14201 29
14202 225
14203 52
14211 73
14212 76
14213 226
14214 46
14216 87
14218 116
14219 41
14222 224
14227 113
14229 197
14234 140
14237 210
14241 67
14242 135
14244 53
14245 164
14247 53
14248 204
14249 203
14251 182
14252 43
14257 110
14258 84
14262 135
14264 164
14265 56
14268 19
14269 178
14270 182
14271 193
14273 228
14284 54
14286 226
14294 50
14295 1
14296 209
14300 50
14301 86
14310 0
14311 68
14314 135
14316 219
14317 86
14318 86
14320 33
14323 43
14325 164
14326 92
14327 1
14329 240
14335 185
14336 8
14339 28
14341 17
14342 54
14343 44
14345 228
14349 228
14350 226
14352 191
14353 228
14358 57
14360 24
14361 146
14363 182
14364 56
14367 214
14369 225
14371 119
14372 10
14375 214
14377 236
14378 176
14379 208
14380 228
14386 128
14387 173
14390 142
14392 214
14394 82
14396 25
14398 0
14401 222
14403 53
14405 218
14408 109
14409 222
14410 132
14411 70
14413 24
14415 54
14416 116
14417 196
14418 53
14419 69
14420 146
14426 227
14428 24
14432 0
14437 235
14441 172
14449 43
14450 56
14453 2
14455 241
14457 17
14458 154
14459 236
14460 150
14465 168
14466 228
14467 70
14474 56
14477 210
14483 212
14485 206
14492 146
14499 240
14500 173
14501 173
14503 70
14506 70
14513 86
14516 131
14519 172
14522 68
14523 64
14525 13
14530 70
14531 228
14533 17
14535 172
14536 33
14537 17
14541 146
14542 56
14546 154
14547 17
14550 135
14555 181
14556 172
14557 214
14559 116
14560 116
14562 64
14563 228
14564 2
14565 172
14568 46
14570 92
14571 132
14573 247
14575 172
14576 193
14579 84
14584 241
14590 172
14595 225
14597 112
14600 233
14604 67
14605 185
14606 92
14611 127
14612 57
14619 149
14621 116
14622 172
14627 56
14634 116
14636 1
14641 193
14642 226
14643 122
14652 48
14654 140
14656 228
14659 41
14660 225
14661 184
14664 70
14672 19
14673 228
14675 116
14677 70
14679 226
14681 92
14683 1
14684 56
14685 236
14689 164
14690 183
14691 214
14692 105
14693 176
14694 53
14695 166
14696 54
14698 172
14700 116
14701 110
14702 113
14703 238
14704 225
14711 246
14713 146
14716 140
14721 226
14725 212
14726 53
14727 228
14728 56
14729 172
14730 140
14731 193
14737 172
14738 72
14739 48
14741 116
14745 211
14746 56
14747 47
14757 226
14759 208
14763 240
14764 210
14770 48
14772 28
14773 88
14778 165
14787 58
14789 28
14791 84
14793 67
14794 19
14796 24
14800 184
14805 172
14808 56
14809 176
14811 240
14815 53
14817 196
14824 97
14825 133
14826 172
14830 154
14832 152
14837 33
14838 103
14841 172
14847 125
14849 86
14851 225
14852 92
14858 211
14861 165
14863 28
14864 70
14866 0
14867 70
14869 238
14871 0
14872 233
14876 69
14877 224
14885 24
14887 13
14893 67
14897 126
14898 42
14899 41
14900 205
14901 117
14907 102
14908 50
14910 120
14913 70
14920 116
14921 193
14922 92
14923 210
14925 228
14928 164
14929 101
14932 198
14933 146
14937 164
14947 206
14951 224
14959 182
14961 1
14962 222
14965 228
14967 218
14968 70
14976 172
14982 226
14986 229
14988 92
14993 140
15004 246
15005 43
15007 31
15011 224
15019 216
15023 144
15026 172
15028 54
15030 225
15031 127
15032 53
15033 125
15035 214
15040 146
15053 17
15060 24
15061 196
15062 182
15064 226
15066 228
15068 43
15070 243
15071 196
15075 24
15079 135
15082 128
15083 56
15087 229
15089 122
15091 64
15093 196
15095 128
15100 42
15103 56
15105 70
15107 86
15109 110
15112 222
15121 214
15122 64
15125 152
15126 228
15128 211
15133 17
15134 246
15141 173
15145 146
15148 113
15149 238
15152 165
15153 228
15159 56
15166 172
15169 173
15173 70
15174 214
15175 236
15176 214
15179 76
15181 56
15182 226
15183 214
15184 75
15186 2
15187 117
15190 215
15191 53
15192 62
15196 0
15198 69
15201 106
15204 56
15207 152
15209 43
15210 104
15212 172
15214 248
15217 247
15219 86
15222 17
15228 216
15232 18
15234 182
15235 0
15239 233
15241 1
15247 176
15249 92
15251 157
15256 112
15257 224
15258 21
15260 24
15265 184
15271 24
15283 194
15289 96
15290 70
15296 54
15298 117
15300 141
15306 0
15307 156
15310 227
15317 116
15318 33
15319 193
15322 157
15324 83
15325 126
15326 44
15328 136
15333 1
15338 17
15339 116
15341 72
15343 172
15344 34
15345 105
15346 35
15347 129
15349 24
15351 125
15352 153
15353 234
15358 105
15361 144
15362 41
15366 65
15371 120
15375 70
15377 43
15378 28
15381 24
15382 43
15383 43
15384 70
15389 110
15390 244
15391 236
15392 117
15393 28
15397 164
15398 0
15403 172
15405 172
15407 228
15408 53
15409 112
15426 172
15430 240
15431 146
15435 182
15436 164
15441 164
15442 229
15445 126
15448 191
15452 56
15453 7
15455 118
15456 76
15462 35
15465 0
15469 159
15472 112
15485 191
15486 212
15489 222
15493 67
15497 248
15499 116
15502 193
15513 224
15516 70
15517 227
15518 56
15520 116
15524 23
15529 196
15530 126
15531 116
15533 214
15534 53
15537 96
15538 225
15542 240
15543 105
15544 231
15545 78
15547 116
15548 154
15551 152
15554 152
15555 228
15556 88
15557 225
15561 156
15562 43
15563 38
15564 154
15566 172
15567 214
15568 203
15569 86
15577 15
15579 146
15580 228
15581 117
15583 1
15586 40
15587 41
15589 56
15590 191
15594 67
15596 127
15599 193
15602 234
15605 191
15608 101
15609 116
15610 56
15611 120
15613 181
15614 235
15618 2
15619 193
15620 65
15622 113
15623 86
15629 64
15631 154
15632 176
15634 29
15636 17
15637 191
15638 19
15639 68
15640 66
15641 33
15643 25
15644 90
15645 150
15647 70
15651 119
15658 58
15660 24
15661 238
15667 231
15668 64
15670 201
15673 214
15678 101
15679 228
15680 201
15685 231
15688 23
15690 8
15698 226
15701 176
15705 132
15706 69
15708 33
15709 0
15712 184
15713 56
15716 226
15718 43
15722 24
15723 54
15730 124
15736 203
15737 193
15740 88
15747 88
15754 247
15755 41
15756 193
15760 125
15761 210
15762 76
15763 109
15772 84
15773 211
15774 116
15780 70
15781 28
15786 127
15789 240
15791 166
15792 249
15795 105
15796 56
15799 164
15801 115
15804 53
15806 128
15807 192
15808 56
15811 182
15812 70
15820 17
15825 176
15827 88
15828 126
15829 172
15832 64
15833 41
15837 228
15842 70
15846 191
15847 46
15849 226
15856 172
15859 33
15862 146
15863 86
15864 214
15865 214
15866 43
15869 43
15870 56
15871 222
15876 164
15877 117
15878 70
15879 172
15880 105
15881 1
15885 41
15889 165
15890 132
15891 154
15895 214
15896 28
15898 176
15902 104
15903 17
15905 140
15909 36
15910 65
15913 116
15914 140
15915 0
15918 233
15922 127
15923 17
15927 1
15929 43
15931 169
15932 28
15933 68
15935 17
15937 165
15939 214
15943 17
15945 126
15948 113
15952 164
15954 195
15955 128
15962 176
15963 202
15964 181
15966 66
15974 70
15975 127
15980 92
15981 24
15982 120
15984 233
15988 156
15990 69
15991 33
15992 172
15994 172
15996 70
15997 201
15998 24
15999 0
16003 56
16004 228
16006 225
16007 172
16008 228
16013 225
16016 119
16018 125
16020 53
16022 54
16024 24
16027 56
16028 150
16033 227
16035 215
16038 198
16039 66
16041 73
16045 136
16048 24
16049 228
16052 222
16059 155
16060 212
16067 39
16069 92
16071 176
16075 146
16078 176
16080 39
16081 105
16082 226
16090 120
16091 116
16092 28
16093 117
16104 233
16105 56
16106 24
16107 43
16109 24
16113 33
16116 113
16120 116
16122 24
16123 117
16127 76
16129 135
16131 229
16135 24
16143 70
16144 140
16147 70
16148 246
16150 67
16152 57
16155 193
16161 157
16162 201
16163 211
16164 70
16166 144
16170 113
16171 222
16173 193
16176 64
16177 173
16179 24
16180 113
16184 231
16186 228
16193 244
16196 116
16198 184
16200 116
16209 228
16213 135
16214 92
16215 70
16217 65
16218 53
16219 54
16222 24
16227 116
16229 128
16234 117
16238 196
16239 117
16240 222
16242 226
16243 154
16245 196
16254 154
16257 156
16258 116
16260 154
16262 24
16263 218
16265 86
16268 216
16269 172
16273 23
16274 212
16275 168
16276 43
16281 234
16282 222
16283 53
16285 240
16290 128
16295 226
16298 214
16300 226
16302 157
16304 193
16306 112
16309 124
16311 70
16313 234
16317 101
16319 107
16323 168
16325 67
16328 185
16329 21
16330 1
16332 54
16334 50
16335 70
16336 41
16339 44
16342 78
16345 86
16348 229
16354 117
16355 56
16357 53
16361 47
16364 64
16366 86
16369 65
16373 240
16374 70
16375 113
16380 92
16382 127
16387 168
16389 24
16398 140
16399 116
16405 54
16406 244
16407 165
16409 105
16410 140
16418 17
16422 64
16423 154
16427 141
16428 52
16429 240
16437 25
16439 120
16443 117
16447 6
16459 92
16460 228
16461 103
16462 196
16467 101
16469 17
16474 4
16476 126
16478 17
16483 1
16484 8
16487 222
16489 224
16490 249
16493 236
16498 84
16499 214
16501 44
16505 24
16511 86
16514 172
16519 227
16523 70
16526 116
16528 228
16532 152
16534 54
16535 175
16536 154
16537 148
16538 224
16547 11
16548 1
16549 43
16551 116
16556 230
16558 157
16559 17
16562 17
16565 106
16567 236
16568 70
16569 240
16570 70
16571 172
16572 212
16573 244
16575 194
16576 1
16577 227
16578 214
16579 1
16580 168
16581 121
16583 52
16585 116
16586 86
16592 64
16598 172
16603 231
16606 29
16607 53
16609 172
16610 70
16611 244
16615 2
16619 228
16623 56
16626 228
16636 172
16640 53
16641 224
16644 116
16650 128
16651 124
16653 126
16654 101
16659 197
16660 181
16664 67
16667 86
16668 126
16674 212
16675 28
16676 212
16677 50
16682 218
16688 61
16692 228
16694 86
16696 216
16697 240
16698 1
16701 78
16702 56
16704 184
16706 113
16710 17
16712 173
16714 92
16716 211
16717 224
16718 28
16721 210
16723 135
16724 120
16726 70
16730 46
16732 53
16733 168
16734 233
16735 236
16736 124
16741 176
16743 193
16744 41
16746 1
16747 116
16749 43
16760 17
16765 53
16772 88
16774 24
16775 1
16777 117
16778 1
16780 236
16782 243
16785 41
16786 164
16787 70
16795 231
16798 70
16801 245
16805 140
16807 157
16810 191
16812 53
16814 141
16821 224
16822 56
16824 247
16825 198
16826 92
16829 50
16830 123
16832 11
16833 222
16835 38
16839 220
16840 148
16841 1
16842 172
16844 236
16847 94
16849 234
16850 240
16853 0
16855 176
16859 144
16860 112
16862 240
16865 228
16868 82
16873 84
16875 116
16876 92
16877 221
16878 86
16879 154
16882 123
16884 224
16888 54
16890 156
16892 236
16893 28
16899 159
16900 124
16902 173
16905 53
16906 148
16912 154
16915 234
16916 17
16917 67
16919 86
16920 28
16921 64
16926 226
16930 56
16931 226
16937 106
16940 82
16941 164
16942 191
16944 181
16951 0
16952 120
16954 105
16958 36
16961 140
16975 1
16979 1
16982 140
16986 113
16987 117
16989 78
16995 228
17002 69
17003 241
17008 188
17010 226
17017 205
17019 162
17021 64
17022 11
17023 84
17030 225
17031 0
17034 67
17037 112
17038 40
17039 105
17041 198
17045 196
17047 121
17052 92
17056 214
17057 215
17060 211
17065 28
17067 193
17069 0
17070 56
17072 17
17073 214
17077 244
17078 1
17080 228
17084 234
17087 70
17089 166
17091 173
17093 1
17105 17
17111 0
17112 86
17116 191
17119 43
17122 69
17124 33
17126 54
17130 17
17134 57
17135 236
17136 213
17138 154
17140 228
17145 56
17147 24
17149 193
17150 181
17151 123
17153 76
17154 211
17155 227
17157 144
17159 228
17160 94
17161 236
17166 25
17167 172
17170 48
17171 67
17173 128
17174 116
17175 149
17178 228
17179 112
17180 119
17182 236
17184 172
17191 214
17192 24
17194 69
17198 105
17201 154
17202 233
17203 24
17208 41
17210 196
17211 247
17213 92
17214 205
17215 116
17218 113
17219 167
17222 1
17224 24
17225 0
17231 154
17237 137
17241 116
17243 67
17244 127
17246 165
17250 24
17252 69
17256 167
17258 247
17260 54
17263 53
17268 172
17270 244
17281 19
17282 172
17288 41
17290 112
17291 19
17292 242
17296 17
17297 225
17301 1
17302 164
17307 198
17308 65
17309 238
17312 86
17315 29
17317 88
17319 244
17325 101
17328 8
17329 159
17330 8
17333 105
17335 228
17338 172
17340 28
17344 156
17346 53
17352 43
17357 46
17360 172
17362 172
17363 214
17366 70
17367 210
17370 0
17372 193
17381 141
17383 168
17385 140
17390 212
17396 205
17397 233
17401 140
17403 28
17408 88
17410 172
17411 109
17412 155
17418 214
17419 62
17420 242
17429 116
17430 77
17442 22
17445 209
17451 226
17452 56
17453 17
17459 246
17462 8
17463 227
17466 135
17467 131
17469 144
17475 169
17477 172
17480 64
17488 144
17492 62
17496 84
17498 15
17499 212
17501 126
17502 13
17503 43
17504 172
17505 86
17506 168
17507 65
17511 153
17513 136
17514 70
17515 135
17516 74
17517 28
17519 37
17520 237
17523 222
17525 247
17527 205
17530 8
17531 196
17533 144
17538 117
17539 56
17541 158
17542 146
17544 70
17545 28
17546 91
17553 196
17561 86
17563 144
17564 104
17566 144
17571 1
17572 148
17580 107
17581 28
17582 152
17584 231
17588 23
17594 70
17597 15
17601 0
17605 228
17606 144
17607 238
17608 70
17611 56
17617 233
17619 25
17620 127
17622 70
17624 24
17625 154
17626 245
17628 165
17632 198
17636 78
17638 56
17641 92
17642 116
17645 41
17647 17
17649 128
17651 135
17657 228
17658 205
17659 0
17660 226
17664 53
17665 53
17667 33
17669 154
17672 84
17674 24
17683 152
17687 152
17691 72
17693 140
17694 105
17702 69
17705 70
17711 144
17712 196
17720 92
17723 74
17726 172
17731 113
17733 155
17737 132
17739 86
17743 53
17745 214
17748 41
17755 46
17759 200
17761 226
17762 44
17763 152
17766 24
17768 222
17769 86
17784 69
17788 33
17789 41
17791 191
17792 86
17794 65
17800 88
17802 75
17804 41
17806 154
17809 56
17810 182
17811 62
17814 234
17815 69
17820 140
17827 76
17828 39
17830 226
17833 135
17834 34
17837 86
17838 54
17844 228
17845 98
17846 174
17857 216
17858 146
17861 172
17866 54
17867 116
17870 17
17871 182
17873 247
17879 247
17880 193
17882 176
17883 70
17884 152
17885 56
17886 233
17889 57
17890 144
17891 64
17892 112
17893 126
17894 140
17897 116
17899 70
17901 117
17902 56
17903 172
17905 222
17907 173
17910 0
17911 236
17913 222
17914 126
17916 228
17919 228
17923 19
17924 211
17925 228
17926 118
17930 106
17931 169
17933 50
17935 17
17937 90
17942 224
17946 224
17947 53
17956 132
17957 24
17960 76
17962 24
17963 193
17973 212
17974 17
17977 154
17982 38
17984 193
17985 50
17986 154
17988 86
17989 7
17992 24
17995 193
17997 46
17998 210
18003 240
18007 218
18009 17
18011 116
18013 225
18015 43
18016 176
18017 222
18024 0
18027 76
18029 67
18036 191
18037 78
18038 1
18040 28
18041 76
18046 193
18048 125
18049 85
18050 8
18051 73
18052 119
18057 146
18058 215
18062 154
18073 154
18076 1
18081 17
18088 154
18091 222
18092 129
18094 172
18095 225
18096 56
18098 247
18102 56
18104 70
18105 181
18106 78
18110 84
18114 53
18117 28
18118 116
18119 120
18122 17
18130 176
18134 125
18135 154
18142 56
18145 116
18146 2
18147 231
18156 70
18161 28
18162 97
18165 148
18170 216
18172 86
18173 216
18176 215
18185 150
18187 50
18188 37
18189 70
18191 228
18192 116
18193 116
18196 141
18199 43
18200 56
18202 244
18203 172
18212 242
18220 43
18221 70
18228 42
18233 224
18234 208
18235 131
18236 154
18239 17
18240 216
18241 193
18242 209
18245 54
18247 56
18250 172
18252 36
18253 40
18256 92
18259 38
18260 228
18263 69
18264 24
18265 140
18267 105
18268 105
18271 37
18272 211
18276 124
18277 1
18278 181
18279 176
18283 53
18286 201
18287 24
18294 154
18295 176
18298 1
18302 56
18307 159
18308 101
18309 117
18313 181
18314 41
18315 148
18316 28
18317 56
18319 241
18323 18
18326 222
18332 21
18336 176
18339 24
18341 72
18343 241
18346 116
18347 214
18350 76
18351 199
18352 53
18366 46
18371 172
18372 8
18373 8
18374 57
18375 125
18377 42
18380 116
18386 174
18387 224
18391 191
18394 211
18396 70
18397 135
18399 24
18400 181
18401 46
18402 185
18404 65
18407 105
18409 146
18412 157
18414 56
18418 244
18424 41
18426 98
18427 216
18428 1
18430 224
18433 120
18436 67
18441 162
18445 233
18446 181
18447 236
18451 185
18453 140
18455 52
18456 17
18464 117
18465 65
18467 24
18471 222
18474 116
18476 67
18477 28
18478 17
18481 144
18484 206
18488 124
18489 176
18493 84
18495 103
18499 56
18500 120
18502 111
18503 67
18505 191
18517 105
18518 17
18519 8
18520 154
18521 154
18523 53
18527 1
18528 224
18529 172
18533 152
18536 128
18537 17
18538 244
18539 122
18541 17
18552 228
18555 43
18556 24
18560 64
18561 1
18564 1
18569 164
18570 105
18572 33
18576 194
18580 23
18581 164
18586 144
18588 28
18590 226
18602 92
18606 231
18607 17
18609 41
18612 88
18613 140
18614 140
18616 154
18620 92
18622 246
18623 105
18624 127
18627 116
18632 69
18643 112
18648 17
18649 216
18654 24
18655 109
18656 173
18663 155
18666 56
18668 69
18672 70
18681 28
18683 200
18684 13
18688 117
18690 247
18694 212
18699 214
18700 53
18705 224
18706 17
18709 105
18710 24
18713 0
18714 167
18716 17
18724 126
18725 166
18726 1
18727 152
18730 70
18734 227
18740 117
18743 191
18752 236
18755 169
18758 86
18759 176
18762 106
18764 242
18765 1
18774 92
18780 162
18783 116
18784 172
18790 29
18792 172
18795 227
18799 24
18800 95
18804 157
18805 43
18807 246
18809 233
18811 86
18813 84
18816 245
18818 154
18821 132
18822 114
18825 117
18828 54
18829 28
18832 238
18833 29
18835 164
18838 243
18839 222
18843 50
18844 55
18847 228
18848 116
18852 202
18858 146
18861 224
18862 1
18867 78
18872 46
18873 67
18875 53
18889 69
18890 135
18891 164
18893 70
18896 47
18900 33
18902 228
18905 70
18908 116
18910 228
18911 44
18913 41
18917 24
18922 228
18923 112
18924 19
18927 173
18929 240
18932 17
18943 28
18944 76
18947 234
18948 107
18950 210
18951 70
18953 54
18955 175
18959 75
18961 53
18962 205
18967 165
18969 17
18979 211
18982 211
18984 56
18989 135
18991 53
18995 0
18997 226
19000 208
19001 17
19002 76
19003 196
19004 191
19005 227
19008 240
19015 226
19026 225
19029 225
19034 244
19038 125
19039 193
19041 24
19046 144
19047 84
19051 185
19053 164
19055 116
19061 156
19063 119
19065 112
19066 86
19067 116
19076 56
19077 222
19079 200
19083 146
19084 76
19088 28
19090 70
19091 119
19092 70
19095 53
19097 222
19099 92
19100 92
19101 41
19105 55
19106 230
19115 128
19118 182
19120 1
19126 148
19128 46
19129 78
19134 112
19136 35
19138 96
19139 53
19140 191
19142 182
19145 35
19146 163
19148 84
19152 70
19155 144
19157 86
19160 226
19162 144
19165 234
19166 193
19169 172
19176 24
19179 226
19180 105
19181 28
19183 1
19185 172
19191 64
19192 226
19194 24
19199 104
19200 17
19202 212
19203 241
19204 65
19207 54
19211 17
19212 131
19213 50
19215 96
19218 113
19219 225
19225 238
19229 228
19230 209
19233 243
19235 116
19237 154
19238 181
19239 221
19245 86
19248 56
19250 132
19251 105
19255 228
19257 67
19258 113
19261 233
19265 195
19269 69
19272 176
19275 1
19276 65
19277 65
19279 113
19280 86
19282 141
19292 191
19295 140
19296 149
19302 56
19305 221
19313 28
19316 44
19317 119
19320 120
19329 127
19330 185
19335 17
19336 117
19340 163
19341 166
19343 96
19350 172
19352 246
19353 236
19357 121
19358 214
19361 65
19363 228
19368 102
19372 200
19375 151
19376 116
19378 88
19379 193
19380 52
19384 146
19386 241
19389 135
19390 86
19396 152
19398 247
19399 247
19400 70
19403 228
19405 226
19413 164
19420 57
19423 176
19427 218
19432 50
19434 172
19435 148
19441 193
19445 172
19446 71
19447 64
19448 182
19449 119
19451 56
19453 17
19462 242
19464 227
19465 211
19467 226
19469 193
19470 233
19471 86
19474 56
19480 23
19481 230
19483 50
19484 17
19485 176
19486 248
19487 244
19491 228
19494 236
19496 119
19499 241
19501 64
19504 135
19506 236
19513 226
19519 127
19521 173
19526 184
19533 195
19534 8
19538 193
19546 219
19551 24
19554 172
19557 236
19558 191
19561 226
19562 110
19564 50
19566 53
19567 140
19575 185
19580 164
19584 222
19587 70
19588 214
19591 44
19594 238
19596 46
19597 172
19601 112
19606 144
19610 149
19611 85
19612 144
19614 162
19616 54
19617 70
19625 44
19626 172
19627 67
19628 113
19630 75
19632 120
19642 181
19643 222
19644 226
19647 222
19649 117
19651 1
19653 1
19656 86
19662 84
19663 193
19666 24
19668 233
19671 119
19672 65
19673 119
19676 216
19677 193
19679 172
19681 164
19682 225
19683 117
19685 54
19686 78
19692 86
19694 238
19696 53
19699 78
19700 17
19702 63
19703 28
19705 53
19708 224
19713 67
19714 24
19715 221
19717 70
19718 116
19719 84
19723 176
19725 222
19727 176
19730 1
19731 181
19733 164
19734 17
19736 206
19737 116
19741 209
19744 7
19745 17
19746 116
19747 214
19748 88
19750 233
19754 44
19764 181
19765 154
19767 225
19772 41
19773 86
19774 0
19777 196
19779 0
19783 247
19786 154
19790 228
19796 233
19800 226
19801 135
19802 229
19804 214
19808 224
19809 142
19810 227
19811 233
19812 28
19814 50
19821 68
19822 1
19823 191
19825 10
19826 191
19827 70
19830 116
19833 152
19835 92
19837 17
19843 214
19845 116
19849 86
19850 193
19851 50
19852 154
19853 1
19854 106
19859 146
19861 193
19863 146
19864 173
19865 117
19871 196
19872 162
19877 2
19884 154
19888 193
19890 17
19893 54
19896 116
19902 212
19910 17
19921 112
19922 232
19924 56
19926 70
19929 0
19934 84
19935 248
19938 52
19943 92
19947 172
19951 123
19954 17
19960 116
19963 78
19965 17
19966 129
19968 164
19969 70
19977 69
19982 209
19983 113
19985 53
19987 226
19995 70
19998 40
20000 64
20001 105
20002 236
20003 105
20004 144
20007 193
20010 116
20015 43
20017 66
20019 17
20023 196
20024 154
20026 56
20029 1
20033 116
20034 1
20035 135
20043 69
20047 98
20048 53
20051 154
20053 2
20064 218
20065 104
20067 116
20069 92
20070 64
20072 154
20081 228
20087 109
20090 222
20091 105
20093 56
20096 28
20097 227
20098 88
20101 41
20102 23
20104 53
20106 8
20108 154
20112 0
20114 146
20116 58
20118 0
20124 226
20125 8
20126 109
20129 35
20132 140
20137 67
20138 116
20139 227
20140 24
20147 56
20151 86
20154 42
20158 64
20160 61
20162 28
20163 233
20165 146
20171 164
20172 123
20174 193
20175 214
20182 85
20190 1
20194 240
20196 84
20198 65
20199 172
20201 108
20203 36
20205 226
20208 53
20215 193
20216 42
20217 184
20218 173
20220 204
20222 57
20227 17
20232 176
20234 92
20235 56
20237 146
20241 249
20243 70
20245 112
20247 198
20248 231
20250 193
20252 19
20253 159
20254 84
20257 70
20258 144
20262 64
20263 228
20264 154
20265 128
20268 70
20272 1
20276 135
20284 57
20289 247
20294 185
20300 40
20302 236
20305 181
20306 181
20307 88
20311 131
20317 110
20318 172
20321 56
20322 191
20327 214
20329 226
20330 184
20332 41
20333 49
20338 106
20345 154
20348 222
20349 196
20351 56
20354 236
20355 65
20359 0
20360 164
20361 150
20363 41
20365 119
20368 193
20369 214
20371 116
20375 1
20376 92
20378 0
20379 86
20383 135
20393 56
20394 228
20398 40
20400 244
20402 8
20403 200
20406 92
20407 112
20413 41
20414 228
20415 249
20416 204
20423 140
20424 152
20426 216
20432 227
20433 116
20437 196
20443 118
20444 1
20448 105
20449 18
20450 120
20452 218
20455 233
20456 24
20459 53
20462 184
20463 154
20467 224
20470 135
20471 236
20473 132
20480 17
20482 176
20485 124
20487 228
20488 149
20489 214
20491 118
20492 24
20493 92
20496 24
20498 8
20499 50
20501 209
20505 70
20509 146
20514 184
20518 62
20519 69
20522 193
20524 162
20527 53
20528 24
20529 24
20530 106
20536 233
20538 53
20539 1
20540 74
20542 64
20553 88
20554 193
20555 146
20564 0
20570 133
20571 54
20574 57
20582 208
20583 226
20586 247
20587 201
20591 112
20593 70
20596 172
20598 221
20601 92
20603 231
20606 173
20608 17
20610 126
20611 228
20613 240
20614 149
20615 1
20616 88
20621 113
20622 193
20623 154
20625 227
20627 196
20628 43
20632 17
20633 54
20634 84
20636 146
20645 88
20648 4
20649 88
20650 214
20654 191
20658 17
20660 226
20661 107
20663 211
20665 1
20667 56
20669 42
20670 228
20675 41
20676 236
20680 10
20682 53
20685 1
20688 163
20691 56
20693 228
20694 116
20695 234
20696 53
20698 41
20701 17
20711 214
20719 54
20723 181
20724 158
20727 198
20731 135
20732 92
20734 172
20736 248
20737 54
20741 158
20742 214
20745 117
20746 67
20749 76
20751 88
20752 226
20755 46
20757 86
20761 70
20765 23
20767 57
20768 226
20769 29
20771 28
20773 210
20774 24
20781 172
20782 28
20790 41
20791 56
20795 24
20796 193
20802 28
20805 144
20808 103
20809 1
20811 72
20815 222
20816 172
20817 56
20824 70
20829 84
20837 233
20842 240
20844 244
20847 28
20850 218
20853 133
20854 128
20863 56
20864 225
20872 24
20875 70
20877 221
20880 176
20881 225
20882 70
20889 228
20892 172
20894 175
20896 148
20899 43
20901 50
20903 222
20909 202
20914 63
20916 67
20917 33
20918 135
20920 172
20921 28
20923 98
20930 53
20931 17
20933 15
20937 68
20950 240
20952 2
20955 56
20962 117
20963 200
20964 56
20965 131
20966 228
20968 86
20970 117
20972 78
20974 164
20975 127
20978 172
20980 17
20982 193
20983 205
20985 144
20989 86
20990 146
20993 196
20995 144
20998 146
21002 67
21004 48
21007 228
21009 86
21010 228
21013 162
21014 211
21016 71
21020 24
21023 88
21025 50
21026 172
21028 29
21030 131
21032 154
21036 193
21038 116
21042 41
21051 222
21053 240
21055 140
21056 236
21057 17
21061 41
21063 181
21065 17
21066 164
21067 236
21069 40
21070 234
21074 157
21075 70
21078 2
21079 70
21082 78
21083 237
21085 43
21093 70
21094 116
21097 17
21098 53
21106 1
21115 126
21116 164
21117 105
21121 172
21122 35
21123 233
21128 70
21130 200
21134 44
21145 56
21154 240
21157 193
21160 52
21161 24
21162 128
21168 228
21175 28
21177 192
21180 56
21181 92
21183 105
21185 247
21188 224
21193 69
21195 86
21196 191
21199 10
21200 70
21201 69
21202 43
21203 193
21205 135
21206 205
21208 222
21211 33
21213 70
21214 24
21215 126
21220 70
21222 247
21225 193
21226 174
21228 173
21232 86
21233 70
21237 140
21240 144
21246 120
21247 232
21249 226
21253 112
21257 196
21259 50
21265 17
21271 17
21277 8
21283 78
21285 228
21286 228
21287 17
21297 104
21303 28
21311 17
21315 127
21318 172
21322 21
21323 69
21333 191
21334 172
21339 214
21341 87
21342 212
21346 228
21348 125
21352 76
21355 120
21359 24
21363 222
21367 119
21371 226
21375 0
21381 41
21382 151
21383 128
21393 203
21397 193
21399 105
21401 40
21402 86
21404 17
21407 87
21411 65
21414 86
21417 172
21425 17
21430 70
21431 54
21434 86
21436 70
21437 226
21439 120
21442 244
21447 184
21454 98
21456 78
21457 73
21458 128
21459 31
21460 24
21463 228
21464 135
21467 24
21470 236
21471 64
21472 17
21474 86
21476 144
21477 41
21480 88
21486 116
21487 50
21489 74
21490 64
21496 28
21499 69
21500 70
21501 56
21502 24
21507 41
21517 159
21520 163
21521 216
21524 196
21525 41
21527 86
21533 70
21534 189
21535 193
21537 193
21539 69
21542 209
21548 211
21549 222
21554 24
21556 210
21560 132
21561 162
21562 112
21568 240
21570 66
21575 173
21576 203
21577 17
21579 182
21586 8
21587 228
21590 56
21592 67
21596 17
21608 84
21609 116
21611 222
21614 214
21617 205
21618 53
21623 246
21624 172
21625 44
21628 196
21631 140
21638 112
21640 240
21641 50
21643 24
21646 121
21655 70
21656 120
21664 28
21667 234
21672 72
21679 146
21681 228
21682 227
21683 116
21686 222
21690 209
21691 116
21692 47
21696 88
21704 181
21705 70
21708 0
21709 172
21713 226
21714 70
21716 53
21718 46
21722 135
21723 64
21725 1
21728 17
21729 35
21733 24
21738 168
21740 28
21744 76
21746 28
21748 67
21752 96
21753 193
21754 43
21755 124
21758 224
21761 70
21763 23
21771 28
21777 53
21781 18
21789 247
21793 172
21794 56
21795 153
21797 43
21800 126
21802 113
21804 222
21806 56
21810 24
21811 222
21814 162
21816 41
21819 170
21820 65
21826 47
21829 140
21830 70
21831 146
21836 17
21838 29
21839 84
21843 84
21844 33
21845 247
21848 165
21852 244
21854 112
21859 113
21861 246
21864 24
21866 53
21868 237
21872 70
21876 146
21880 53
21886 150
21887 72
21889 167
21891 224
21895 33
21896 58
21899 56
21903 162
21904 182
21905 24
21911 191
21917 127
21920 193
21921 1
21924 181
21928 127
21934 64
21935 222
21940 77
21941 226
21945 140
21947 116
21948 228
21949 8
21951 78
21953 228
21954 48
21956 120
21960 78
21963 55
21968 50
21969 28
21976 233
21977 88
21978 105
21982 89
21984 113
21987 135
21988 120
21993 196
21995 206
22000 43
22006 1
22008 53
22015 159
22018 41
22019 17
22020 159
22022 10
22023 244
22024 154
22026 117
22027 119
22031 113
22035 127
22037 1
22038 41
22041 86
22046 24
22052 0
22054 135
22055 83
22056 42
22057 43
22062 86
22063 228
22064 86
22067 24
22068 140
22069 58
22077 56
22079 86
22080 56
22081 1
22082 67
22084 121
22087 157
22089 141
22090 67
22094 70
22098 24
22105 42
22107 78
22108 53
22109 216
22110 66
22111 64
22117 222
22124 29
22131 23
22134 249
22136 64
22137 92
22139 17
22141 172
22143 126
22144 234
22148 172
22152 157
22154 242
22158 105
22162 28
22164 40
22165 154
22166 37
22170 1
22172 1
22173 17
22174 74
22176 125
22177 1
22182 226
22183 10
22187 225
22188 240
22193 0
22195 67
22197 76
22198 70
22204 216
22206 116
22208 216
22210 135
22211 70
22212 88
22213 148
22214 1
22219 70
22220 29
22228 222
22231 175
22232 173
22236 146
22237 172
22241 172
22242 43
22243 1
22244 54
22245 113
22248 182
22250 126
22252 245
22253 244
22256 144
22257 195
22258 70
22264 168
22269 228
22275 222
22276 120
22281 94
22285 193
22288 144
22289 113
22290 226
22291 53
22297 126
22302 135
22305 157
22307 17
22311 235
22314 17
22318 193
22324 165
22325 56
22327 121
22329 116
22336 58
22337 92
22341 210
22344 172
22345 69
22348 247
22352 172
22358 221
22359 56
22364 24
22368 1
22371 106
22373 13
22374 226
22375 227
22377 53
22382 95
22387 240
22389 172
22391 226
22394 23
22396 69
22397 168
22398 247
22400 24
22401 162
22402 91
22404 53
22415 56
22418 214
22425 246
22428 209
22429 21
22430 30
22431 17
22433 86
22434 8
22437 91
22439 70
22440 232
22442 70
22443 244
22447 135
22455 155
22457 226
22465 193
22472 146
22473 33
22474 157
22475 24
22476 1
22481 242
22485 43
22489 161
22492 18
22493 193
22494 100
22495 152
22507 226
22509 135
22512 172
22514 48
22517 184
22521 123
22526 208
22529 86
22535 2
22536 221
22537 1
22539 216
22542 120
22551 116
22553 226
22554 31
22556 92
22563 240
22564 0
22566 128
22567 239
22568 195
22571 206
22572 132
22576 40
22579 200
22581 24
22583 120
22585 64
22586 2
22589 105
22591 43
22594 86
22595 165
22596 46
22599 228
22601 88
22602 116
22603 158
22608 52
22609 41
22612 176
22613 112
22616 53
22617 193
22618 86
22619 226
22622 50
22625 43
22626 214
22630 117
22633 116
22635 53
22640 222
22641 172
22648 113
22650 70
22652 56
22653 34
22654 41
22655 65
22658 17
22660 190
22667 246
22669 218
22674 152
22676 70
22685 121
22686 53
22688 238
22690 233
22696 144
22700 48
22702 40
22703 70
22704 226
22705 172
22707 173
22709 56
22710 191
22712 70
22713 24
22714 116
22716 165
22720 135
22722 249
22725 200
22726 226
22727 231
22728 172
22730 214
22738 228
22739 181
22741 120
22747 176
22748 56
22750 135
22760 172
22761 247
22762 154
22768 191
22770 86
22771 232
22772 172
22776 181
22777 52
22779 233
22781 227
22783 56
22791 166
22797 119
22798 222
22799 28
22801 113
22803 225
22804 53
22805 195
22809 111
22812 33
22813 222
22814 86
22816 132
22819 69
22820 153
22822 214
22825 135
22826 116
22831 172
22832 54
22834 88
22835 198
22836 172
22839 176
22844 226
22845 193
22846 17
22849 67
22854 234
22857 101
22859 41
22863 242
22865 70
22867 17
22871 240
22874 41
22876 193
22878 112
22880 43
22882 140
22884 140
22885 144
22886 164
22889 196
22890 116
22891 236
22895 17
22896 70
22897 240
22898 225
22906 73
22910 247
22916 8
22920 228
22921 33
22922 64
22925 214
22926 0
22930 10
22931 243
22932 24
22933 193
22943 148
22944 70
22946 116
22951 198
22954 92
22958 92
22959 231
22961 133
22962 146
22964 72
22965 88
22968 119
22983 191
22986 128
22989 116
22994 204
22999 51
23000 56
23001 41
23002 116
23004 17
23011 198
23016 116
23018 24
23019 191
23026 28
23029 33
23030 23
23031 154
23033 193
23035 140
23037 149
23041 43
23042 195
23047 228
23053 234
23054 69
23058 226
23062 224
23064 157
23073 106
23074 240
23079 75
23080 173
23085 1
23086 146
23088 191
23090 132
23093 113
23094 241
23097 210
23102 24
23105 198
23106 226
23109 146
23114 13
23116 116
23119 17
23121 112
23124 226
23126 191
23129 247
23130 92
23133 92
23134 92
23135 216
23144 33
23146 231
23151 70
23152 228
23157 69
23158 146
23159 125
23160 68
23161 43
23164 8
23171 53
23176 244
23183 23
23184 212
23186 146
23187 172
23188 33
23194 92
23198 236
23200 228
23206 162
23209 218
23213 132
23218 225
23221 17
23222 41
23225 173
23227 226
23235 236
23243 226
23252 215
23261 97
23264 24
23266 70
23267 181
23269 37
23270 0
23276 56
23277 247
23279 110
23281 41
23283 190
23285 196
23286 222
23287 69
23296 228
23297 105
23298 70
23299 224
23301 226
23303 152
23307 50
23309 86
23310 86
23311 105
23317 226
23318 224
23319 0
23321 212
23327 24
23330 56
23332 236
23334 214
23337 124
23338 70
23339 236
23341 110
23343 176
23347 144
23352 234
23354 236
23360 196
23362 117
23365 228
23366 233
23367 144
23370 8
23372 185
23373 87
23375 67
23376 165
23377 157
23378 56
23379 88
23382 76
23384 56
23392 216
23397 172
23399 88
23400 88
23403 140
23405 112
23406 41
23408 116
23414 198
23416 240
23423 86
23430 70
23432 70
23433 244
23434 84
23435 200
23438 172
23441 78
23445 172
23448 193
23452 234
23454 28
23455 205
23456 226
23458 48
23464 82
23470 53
23482 192
23485 211
23487 47
23495 196
23497 89
23498 70
23501 117
23503 116
23508 104
23511 126
23513 64
23518 33
23521 247
23523 67
23524 157
23525 226
23526 117
23532 17
23534 226
23536 184
23538 76
23542 56
23544 146
23546 131
23550 57
23555 103
23563 144
23567 246
23568 72
23570 121
23571 39
23573 70
23574 169
23579 67
23580 70
23581 17
23582 17
23584 92
23585 47
23587 116
23591 196
23594 53
23596 233
23597 154
23598 182
23602 244
23604 57
23607 181
23608 88
23613 196
23627 66
23630 98
23633 172
23638 104
23639 84
23643 242
23646 54
23664 56
23665 126
23667 18
23668 149
23671 17
23676 191
23678 135
23679 1
23681 41
23683 17
23684 101
23685 35
23686 117
23696 116
23697 118
23698 193
23702 205
23705 164
23706 53
23707 163
23708 24
23711 135
23712 17
23713 70
23715 86
23718 28
23727 112
23730 196
23732 172
23733 168
23734 126
23735 78
23737 222
23738 228
23742 227
23743 116
23745 1
23748 1
23749 172
23751 172
23755 86
23756 197
23758 69
23763 140
23764 154
23767 146
23770 244
23774 116
23777 226
23778 17
23782 228
23783 244
23784 108
23787 116
23790 24
23792 244
23799 56
23800 92
23801 145
23803 113
23806 244
23810 41
23814 0
23817 28
23819 31
23822 236
23823 228
23826 165
23829 88
23840 19
23843 229
23845 1
23853 172
23858 137
23859 10
23867 246
23868 156
23869 118
23871 116
23874 56
23875 235
23877 206
23878 33
23884 191
23887 193
23896 76
23897 1
23898 233
23900 199
23901 126
23909 128
23914 164
23919 105
23920 46
23925 214
23926 36
23928 168
23931 87
23932 17
23934 30
23935 209
23936 69
23938 176
23940 92
23943 33
23948 69
23950 117
23952 18
23954 205
23958 10
23966 67
23971 47
23972 81
23977 152
23986 224
23987 56
23991 182
23992 70
23998 135
23999 154
24000 226
24004 215
24007 248
24008 1
24010 116
24012 109
24014 64
24016 128
24018 231
24027 226
24028 41
24029 226
24033 1
24041 152
24043 105
24045 172
24046 173
24050 140
24052 148
24053 113
24056 214
24061 70
24063 222
24067 249
24069 144
24070 196
24071 236
24072 116
24073 106
24074 17
24080 17
24084 208
24085 88
24086 36
24087 228
24088 176
24091 57
24094 148
24101 234
24103 196
24108 98
24110 135
24114 98
24116 86
24120 162
24122 56
24123 116
24124 126
24125 53
24131 228
24134 17
24137 46
24138 56
24139 24
24140 17
24146 76
24147 67
24149 116
24153 141
24154 56
24157 135
24160 53
24170 209
24175 40
24176 36
24180 172
24184 135
24188 53
24189 116
24191 236
24197 224
24199 113
24205 118
24208 135
24217 235
24218 214
24224 64
24225 83
24227 24
24231 154
24233 56
24236 164
24244 154
24253 228
24256 24
24257 24
24261 92
24264 98
24265 225
24266 222
24268 56
24273 114
24285 53
24288 164
24289 165
24290 18
24291 165
24299 230
24300 1
24303 24
24305 117
24307 70
24310 70
24313 105
24317 28
24318 24
24320 234
24321 172
24323 28
24324 121
24325 236
24327 17
24328 92
24330 69
24336 205
24339 224
24342 117
24343 56
24347 17
24349 53
24352 182
24356 234
24357 56
24358 172
24359 70
24360 172
24364 116
24366 104
24367 88
24369 102
24371 24
24372 225
24373 226
24375 0
24376 47
24377 150
24382 28
24384 69
24388 78
24396 28
24397 54
24398 225
24400 165
24401 135
24402 92
24404 44
24405 24
24406 53
24408 233
24409 234
24412 193
24413 105
24414 17
24417 228
24419 41
24422 234
24423 164
24429 2
24432 200
24434 214
24435 125
24439 64
24442 116
24445 69
24446 176
24451 78
24454 43
24459 101
24461 172
24464 172
24465 156
24468 24
24469 236
24471 231
24472 24
24473 173
24474 74
24476 76
24477 155
24478 146
24479 24
24480 53
24484 125
24486 228
24488 1
24495 1
24502 225
24503 157
24505 222
24507 164
24509 225
24510 116
24516 56
24521 41
24522 121
24523 228
24524 172
24527 53
24528 222
24529 228
24532 96
24533 164
24534 176
24537 164
24539 182
24540 53
24541 97
24549 172
24551 172
24556 61
24557 116
24560 127
24561 157
24564 214
24566 54
24568 148
24571 53
24577 121
24580 144
24581 88
24582 211
24584 200
24586 56
24587 162
24589 64
24592 226
24594 231
24598 84
24599 15
24601 162
24603 94
24606 112
24607 157
24608 1
24610 76
24611 44
24612 236
24614 8
24615 148
24617 92
24620 214
24622 200
24625 17
24628 28
24635 45
24637 228
24638 152
24640 182
24641 116
24642 92
24643 0
24644 159
24646 124
24647 53
24649 116
24650 95
24651 24
24658 172
24659 172
24661 181
24663 247
24667 121
24669 164
24670 214
24672 164
24673 164
24677 210
24678 135
24680 53
24681 198
24685 228
24687 150
24689 219
24690 28
24692 154
24695 1
24696 64
24698 205
24700 67
24705 0
24707 241
24717 246
24722 41
24724 24
24726 88
24727 96
24728 56
24732 193
24733 157
24738 124
24739 135
24740 205
24741 117
24747 70
24749 69
24750 88
24753 124
24754 191
24756 196
24759 28
24760 211
24761 7
24762 70
24763 105
24764 53
24765 116
24766 173
24769 92
24770 222
24771 67
24779 193
24780 228
24781 168
24784 41
24787 94
24796 226
24798 244
24803 212
24805 51
24806 113
24808 243
24810 113
24814 172
24815 182
24817 112
24822 56
24824 56
24826 70
24827 144
24828 1
24830 1
24831 88
24832 164
24833 28
24837 140
24838 112
24840 247
24844 248
24846 57
24848 247
24849 75
24852 86
24853 222
24858 236
24862 24
24868 101
24871 198
24872 182
24874 226
24875 173
24876 169
24882 101
24886 228
24887 173
24888 153
24889 86
24891 215
24895 172
24901 70
24902 172
24905 155
24908 228
24911 172
24912 126
24913 56
24916 116
24919 211
24921 144
24922 167
24923 1
24925 116
24927 231
24928 228
24929 70
24930 56
24932 247
24933 116
24940 224
24941 146
24942 78
24943 70
24944 146
24948 53
24951 233
24953 150
24954 65
24960 69
24966 228
24971 118
24974 193
24975 56
24985 135
24989 214
24993 183
24995 86
24997 237
25003 164
25007 196
25008 67
25013 17
25019 196
25021 88
25022 226
25024 103
25025 86
25027 64
25031 191
25034 84
25035 236
25040 141
25041 125
25043 56
25048 205
25049 41
25050 19
25053 144
25054 191
25055 70
25058 119
25059 175
25060 228
25063 50
25066 214
25070 127
25071 51
25075 157
25076 101
25077 107
25078 64
25079 224
25082 88
25088 214
25089 182
25092 212
25093 164
25096 53
25097 236
25098 19
25099 205
25100 116
25103 193
25104 70
25105 222
25106 227
25107 118
25109 70
25114 172
25115 244
25117 149
25119 17
25123 244
25125 56
25129 135
25132 218
25133 173
25134 148
25138 226
25142 24
25143 155
25148 53
25150 1
25156 116
25157 113
25158 152
25160 43
25165 172
25170 236
25175 17
25179 1
25180 228
25183 146
25184 78
25185 105
25188 78
25189 56
25190 109
25192 198
25193 156
25194 116
25195 135
25199 88
25200 56
25202 136
25203 164
25210 228
25212 140
25213 153
25214 172
25219 70
25227 17
25229 128
25230 191
25231 152
25237 48
25238 88
25243 25
25244 17
25248 78
25249 86
25250 226
25251 181
25254 48
25256 78
25258 135
25260 105
25261 23
25269 17
25270 116
25275 194
25278 224
25279 64
25282 154
25283 84
25284 124
25286 195
25290 54
25291 37
25295 172
25296 234
25301 7
25302 240
25303 19
25306 70
25309 28
25310 84
25311 86
25312 215
25313 172
25315 50
25323 176
25326 24
25328 56
25331 86
25334 76
25335 116
25336 241
25337 236
25340 8
25345 64
25350 72
25352 135
25354 226
25359 127
25360 140
25363 70
25366 56
25367 88
25374 57
25383 116
25385 172
25386 28
25391 176
25392 17
25393 8
25401 24
25402 50
25403 222
25404 65
25412 209
25417 17
25421 242
25422 84
25426 84
25431 193
25433 1
25434 54
25435 109
25436 116
25439 105
25441 17
25445 221
25449 28
25450 4
25451 78
25452 226
25454 228
25455 70
25456 239
25459 86
25461 144
25462 65
25464 144
25469 172
25470 112
25472 144
25473 116
25477 69
25478 65
25480 216
25482 24
25487 25
25488 172
25489 78
25490 67
25491 0
25494 154
25499 247
25500 92
25502 117
25503 78
25505 105
25506 228
25507 157
25510 140
25512 88
25520 233
25523 164
25524 0
25526 67
25527 214
25531 70
25533 101
25536 172
25537 225
25540 1
25544 200
25546 17
25549 64
25553 105
25554 25
25555 67
25556 175
25558 249
25562 126
25563 50
25564 228
25565 70
25568 35
25573 164
25574 132
25578 214
25580 69
25582 172
25586 165
25590 141
25593 165
25594 172
25596 29
25597 144
25600 0
25601 165
25603 193
25604 4
25605 233
25606 56
25609 44
25610 75
25613 96
25616 146
25617 193
25618 41
25620 172
25624 116
25626 212
25628 117
25635 69
25636 228
25637 92
25644 86
25650 84
25652 1
25655 124
25663 58
25664 224
25670 228
25671 88
25672 105
25673 43
25674 196
25678 97
25681 92
25683 116
25684 50
25686 121
25690 126
25691 146
25694 28
25695 195
25698 173
25702 88
25706 131
25707 158
25709 86
25710 191
25714 137
25719 86
25721 117
25722 70
25726 224
25729 176
25731 228
25733 148
25734 1
25735 56
25736 154
25737 56
25738 78
25740 198
25745 56
25746 222
25747 164
25748 53
25751 226
25754 28
25755 76
25759 222
25761 131
25762 0
25764 146
25765 146
25770 106
25771 105
25773 226
25776 105
25777 89
25779 154
25780 28
25786 17
25787 120
25790 94
25791 24
25797 130
25809 148
25810 22
25811 17
25813 43
25815 175
25817 28
25818 243
25824 191
25830 242
25832 228
25836 78
25838 73
25839 212
25842 214
25844 78
25845 88
25847 193
25849 18
25856 236
25857 221
25858 1
25865 17
25868 172
25870 24
25877 92
25878 214
25880 116
25882 24
25885 46
25887 105
25889 92
25892 195
25893 173
25896 146
25897 236
25901 83
25902 233
25903 228
25904 224
25905 135
25906 38
25907 197
25909 146
25912 127
25914 105
25917 53
25922 105
25923 113
25924 231
25926 152
25928 157
25933 1
25934 24
25936 24
25937 227
25939 53
25943 172
25944 116
25947 56
25950 205
25952 144
25954 227
25955 69
25959 236
25962 212
25963 56
25964 106
25966 228
25969 24
25970 84
25971 67
25975 228
25976 172
25978 82
25980 128
25986 67
25987 193
25990 41
25992 224
25993 67
25994 92
25995 196
25997 72
25998 24
25999 53
26000 234
26003 231
26007 41
26020 56
26021 117
26022 228
26025 149
26026 226
26028 31
26029 135
26031 0
26033 172
26041 1
26043 13
26044 67
26047 8
26052 70
26054 144
26055 1
26057 17
26060 56
26063 227
26064 154
26065 120
26066 48
26073 172
26075 154
26076 164
26079 105
26080 196
26081 172
26082 242
26083 196
26085 33
26088 56
26090 17
26091 6
26092 17
26097 173
26098 216
26101 172
26103 204
26109 181
26112 216
26114 112
26115 240
26119 70
26120 56
26121 53
26124 33
26125 10
26126 227
26128 214
26129 222
26140 154
26143 212
26144 172
26146 116
26147 28
26150 56
26151 25
26155 240
26159 106
26164 35
26165 70
26167 126
26168 57
26169 41
26177 70
26179 1
26180 101
26181 128
26187 222
26189 67
26190 105
26194 116
26195 135
26196 146
26197 144
26198 214
26204 1
26207 88
26209 69
26218 70
26221 70
26224 42
26227 84
26230 70
26232 146
26234 64
26239 212
26240 172
26242 70
26244 65
26249 235
26250 126
26254 182
26258 24
26259 0
26265 195
26267 193
26270 1
26274 126
26275 88
26276 44
26280 172
26282 41
26283 53
26285 88
26287 24
26289 1
26291 121
26292 50
26295 48
26296 222
26299 112
26302 164
26308 226
26309 88
26312 164
26314 226
26316 191
26320 1
26321 101
26322 157
26323 121
26328 231
26331 86
26333 218
26334 113
26335 44
26336 222
26339 78
26340 216
26341 135
26342 228
26345 106
26348 228
26353 88
26354 107
26356 236
26357 46
26358 65
26361 56
26364 17
26365 41
26368 172
26369 222
26373 17
26374 236
26377 116
26378 86
26380 1
26382 164
26391 70
26392 172
26393 249
26397 222
26398 241
26401 154
26402 210
26405 169
26406 0
26409 24
26411 0
26412 140
26414 41
26415 17
26416 228
26422 67
26427 116
26428 176
26432 112
26433 193
26434 0
26435 64
26437 140
26440 221
26443 117
26444 29
26446 25
26450 33
26452 43
26453 1
26455 17
26466 135
26473 121
26474 24
26476 214
26482 82
26483 89
26485 117
26486 17
26487 173
26490 154
26491 37
26493 58
26497 118
26498 228
26503 146
26506 40
26507 146
26510 132
26511 70
26514 122
26520 49
26522 88
26523 1
26525 6
26527 196
26528 157
26530 1
26532 176
26533 224
26538 157
26539 240
26542 78
26543 57
26544 70
26545 214
26547 146
26548 24
26549 56
26552 116
26554 70
26563 156
26564 1
26566 154
26567 69
26569 172
26572 216
26592 165
26599 155
26600 172
26603 211
26604 224
26605 8
26607 92
26609 70
26613 105
26616 169
26617 205
26619 70
26620 28
26627 117
26630 144
26632 28
26635 164
26637 24
26639 191
26641 86
26642 1
26647 56
26648 67
26649 70
26650 216
26653 172
26656 70
26657 247
26658 172
26659 144
26663 226
26664 24
26671 145
26672 117
26673 131
26676 76
26677 28
26679 24
26686 228
26690 224
26691 88
26692 144
26694 8
26699 28
26700 42
26705 165
26708 152
26710 221
26713 227
26715 116
26716 216
26718 240
26720 218
26721 127
26724 189
26727 226
26730 65
26734 48
26735 92
26739 118
26741 226
26742 89
26743 1
26745 228
26747 54
26750 70
26753 196
26755 47
26758 44
26759 78
26762 105
26766 114
26769 24
26774 1
26775 78
26777 40
26782 153
26784 50
26786 128
26787 152
26789 70
26791 24
26794 176
26799 230
26800 222
26802 92
26804 17
26807 84
26808 125
26809 107
26810 140
26811 53
26812 64
26814 172
26816 135
26819 86
26822 1
26824 43
26828 173
26829 116
26831 17
26832 146
26833 144
26834 0
26837 135
26839 191
26840 67
26842 51
26843 231
26848 42
26849 173
26851 152
26857 112
26858 92
26859 69
26862 70
26864 33
26866 181
26870 135
26871 233
26873 92
26874 148
26875 56
26878 178
26879 28
26882 227
26887 64
26888 54
26889 57
26894 88
26896 24
26897 69
26901 247
26905 120
26907 140
26908 53
26911 135
26912 35
26914 185
26915 116
26916 78
26919 17
26923 116
26929 244
26932 70
26937 102
26938 69
26939 24
26940 112
26941 72
26944 233
26945 77
26948 56
26950 19
26952 91
26953 1
26958 28
26959 241
26960 228
26961 142
26963 1
26964 193
26966 214
26967 146
26974 165
26975 224
26977 56
26978 246
26979 216
26985 64
26989 193
26991 222
26994 228
26995 10
26996 41
26999 173
27002 226
27009 161
27011 227
27012 22
27027 181
27030 0
27032 17
27037 172
27038 107
27039 211
27045 28
27046 0
27047 54
27056 226
27057 228
27058 211
27063 74
27064 24
27067 1
27070 144
27073 43
27074 41
27078 78
27079 228
27080 216
27081 24
27092 176
27093 193
27094 149
27103 112
27104 105
27107 149
27108 105
27109 24
27110 86
27115 92
27116 41
27120 210
27121 204
27123 146
27124 67
27129 202
27131 150
27136 193
27141 191
27144 24
27148 191
27150 41
27154 28
27155 214
27163 154
27165 103
27166 106
27170 56
27173 219
27183 140
27185 64
27186 221
27187 128
27188 135
27189 10
27190 227
27193 56
27195 228
27199 136
27200 97
27204 56
27206 135
27210 200
27212 214
27213 0
27215 64
27217 66
27219 69
27233 164
27234 169
27236 42
27238 116
27240 193
27246 221
27248 196
27249 1
27250 172
27252 57
27254 0
27259 228
27263 28
27266 23
27273 172
27274 29
27277 210
27279 237
27286 101
27287 105
27288 24
27289 56
27290 126
27291 17
27292 46
27295 50
27300 24
27305 92
27309 0
27311 172
27314 135
27316 70
27318 227
27321 70
27322 86
27323 146
27327 225
27328 225
27334 54
27337 192
27347 164
27348 53
27349 240
27350 70
27351 218
27353 157
27354 0
27355 228
27357 176
27359 212
27361 28
27363 17
27364 208
27370 244
27371 86
27377 200
27380 165
27383 182
27384 227
27385 193
27399 226
27401 17
27404 37
27405 184
27408 149
27410 44
27414 235
27416 193
27422 28
27423 164
27425 105
27427 43
27429 224
27430 1
27437 82
27439 233
27441 116
27445 226
27448 64
27449 152
27450 53
27451 127
27452 105
27457 214
27459 70
27463 187
27465 57
27466 70
27467 76
27473 238
27476 1
27482 135
27484 1
27486 50
27490 231
27493 226
27494 83
27496 221
27498 68
27501 226
27502 233
27504 247
27506 116
27509 158
27511 116
27512 226
27516 40
27518 28
27519 116
27520 1
27521 18
27522 181
27523 56
27525 144
27526 201
27528 212
27529 126
27532 228
27533 117
27535 70
27538 110
27544 246
27546 226
27549 191
27551 69
27552 233
27553 10
27556 136
27562 236
27563 105
27567 218
27569 113
27571 82
27575 116
27577 126
27580 153
27583 144
27589 23
27592 176
27595 1
27600 146
27601 24
27611 126
27613 236
27619 193
27621 86
27622 17
27623 0
27629 206
27638 56
27639 164
27640 193
27643 225
27644 67
27645 205
27649 41
27651 41
27655 19
27656 155
27659 1
27663 126
27665 154
27673 227
27676 95
27677 52
27679 88
27681 104
27686 221
27687 28
27690 88
27696 53
27700 28
27703 56
27706 135
27707 56
27710 1
27711 164
27719 92
27720 88
27722 222
27723 193
27724 58
27729 56
27734 234
27739 74
27741 152
27744 54
27749 104
27751 88
27755 64
27758 193
27762 157
27764 92
27768 32
27769 47
27770 56
27773 231
27776 101
27777 86
27779 226
27780 205
27781 214
27783 78
27785 228
27789 247
27790 173
27795 13
27797 53
27799 144
27803 214
27804 157
27808 72
27816 165
27820 102
27826 88
27827 8
27828 92
27832 176
27834 0
27837 34
27838 168
27839 123
27842 86
27843 115
27845 33
27852 225
27857 236
27858 56
27859 209
27860 55
27861 116
27862 244
27863 176
27864 1
27871 24
27878 41
27879 182
27880 28
27883 11
27884 231
27885 162
